6000
6000
6000
4654
4618
4560
4547
4416
3943
3357
3242
2868
2807
2733
2701
2634
2551
2409
2386
2339
2287
2124
1852
1787
1711
1599
1587
1522
1479
1384
1341
1259
1222
1196
1134
1106
1062
974
955
808
799
799
798
796
796
796
795
795
795
793
792
791
791
791
790
789
788
787
787
786
786
785
784
784
784
783
781
781
781
780
780
779
779
777
777
776
776
775
774
774
773
773
773
772
772
772
771
771
771
771
771
770
770
770
769
769
768
767
767
766
765
765
765
764
764
763
762
761
761
761
761
761
760
759
759
758
757
757
757
756
755
755
755
755
755
754
753
752
752
752
752
751
751
748
748
748
747
746
746
746
745
745
745
743
743
743
743
742
741
741
740
739
738
738
737
736
735
734
733
732
732
732
731
730
728
728
727
727
725
723
723
722
719
717
717
713
713
713
712
711
710
709
709
708
708
708
707
703
702
702
701
700
699
697
697
695
695
694
690
688
688
687
686
686
685
685
682
681
679
679
679
678
678
675
674
674
673
671
671
671
671
671
670
670
670
667
667
667
666
665
663
663
661
659
657
656
656
654
653
652
652
650
649
649
649
647
645
644
644
643
640
639
639
639
639
638
637
637
637
637
635
635
634
634
633
632
632
631
631
631
631
629
629
628
628
626
626
625
625
625
623
622
622
621
621
621
621
620
620
619
618
618
618
617
617
616
616
615
615
615
614
614
614
613
612
612
612
611
609
609
608
608
607
606
604
604
603
603
602
602
601
601
599
598
597
596
595
593
593
593
592
588
588
587
585
585
584
582
582
580
579
577
575
574
574
573
573
573
572
572
572
571
570
569
567
566
565
565
565
563
562
560
560
559
559
556
556
555
555
550
550
543
542
541
540
539
537
537
536
536
536
535
535
535
534
534
533
533
532
530
526
526
523
512
511
503
477
456
310
285
6000
6000
6000
6000
6000
6000
6000
6000
6000
6000
4514
4341
3365
3269
3254
3234
3195
3126
2860
2634
2272
2255
2204
2079
1938
1783
1727
1677
1646
1613
1556
1498
1395
1359
1259
1242
1101
1091
1072
1063
1050
802
801
800
800
798
796
796
794
792
792
791
791
791
790
788
788
787
787
786
786
785
785
785
784
784
784
783
782
780
779
779
778
778
778
776
775
775
775
775
774
774
773
773
772
772
772
772
772
772
772
771
771
769
769
769
768
767
766
766
766
766
766
766
765
765
765
763
763
762
761
761
761
760
760
759
759
759
759
759
759
758
758
758
757
757
756
755
755
755
754
753
752
751
750
750
748
748
748
748
747
746
746
746
746
745
745
744
743
742
742
742
741
741
741
741
740
738
738
735
734
731
730
729
729
729
727
725
724
724
721
721
720
719
718
718
718
718
717
716
716
714
713
712
711
710
710
709
709
707
703
700
698
696
696
695
694
693
692
692
691
690
686
686
685
684
681
681
680
680
677
673
672
672
671
671
669
668
667
667
665
663
662
661
661
661
660
660
659
657
656
655
655
654
654
654
654
654
653
651
650
649
649
648
647
644
644
643
642
642
641
641
641
640
640
640
639
638
638
637
637
636
636
635
635
634
634
633
631
630
629
628
627
627
626
626
625
625
624
624
624
622
622
620
620
620
620
619
617
617
617
617
616
615
615
615
614
613
613
612
612
611
609
608
607
607
607
606
606
606
605
604
604
604
603
602
601
600
600
596
596
595
594
593
593
592
591
590
590
588
588
587
586
585
585
584
583
581
580
577
576
575
575
574
573
572
572
571
571
571
571
570
568
566
565
564
563
563
560
560
559
557
554
550
547
547
543
538
536
536
536
535
535
535
535
535
535
535
535
534
534
533
533
533
533
533
532
532
532
532
531
531
531
530
530
530
523
516
463
323
6000
6000
6000
6000
6000
4427
4213
4122
3691
3547
3281
3058
2914
2674
2557
2461
2396
2383
2253
2249
2111
2051
2031
1941
1910
1812
1766
1729
1679
1620
1598
1556
1468
1448
1428
1334
1154
1144
974
900
853
814
802
802
802
801
801
801
799
799
799
798
796
796
794
793
793
792
791
789
789
788
786
786
786
785
785
785
783
783
782
781
779
778
778
778
777
776
776
776
775
775
775
775
775
774
774
774
772
772
771
771
771
771
770
770
769
768
768
768
768
767
767
767
766
766
765
764
764
764
764
764
763
763
763
763
762
761
760
760
758
758
757
757
756
756
756
755
755
754
754
753
753
753
752
751
750
750
750
749
748
747
747
747
747
746
744
743
743
742
742
740
740
740
738
738
738
737
736
734
733
732
732
728
727
725
724
720
720
718
717
716
715
715
712
711
709
708
707
707
706
705
705
704
704
703
701
701
700
700
699
699
698
698
696
694
694
694
691
686
685
685
684
683
682
681
680
680
679
678
678
678
678
678
677
676
675
673
670
670
667
666
666
666
665
665
664
663
663
662
661
661
661
660
659
658
657
656
654
654
653
653
653
651
651
651
650
650
649
648
647
646
646
645
643
642
641
641
640
640
640
639
639
639
639
638
638
636
635
634
634
634
633
633
633
632
631
630
630
629
629
629
629
629
628
628
627
627
626
625
625
624
624
621
620
620
619
618
618
618
618
617
617
616
615
613
613
613
613
613
613
612
610
608
607
606
605
605
605
604
604
604
604
601
600
600
599
597
596
596
596
592
592
592
590
590
589
587
586
585
584
582
581
578
577
576
576
574
573
573
573
572
572
572
572
570
570
566
563
563
563
563
561
561
560
560
559
559
557
553
551
551
549
545
537
536
535
535
534
534
534
533
533
532
532
531
529
523
510
510
497
492
487
481
476
432
389
378
208
136
6000
6000
6000
6000
6000
6000
6000
4529
4441
3867
3637
3199
3096
2768
2297
2289
2145
2135
2097
1952
1896
1792
1771
1770
1678
1640
1617
1591
1531
1502
1468
1269
1148
835
814
806
802
801
800
800
799
799
797
797
796
796
794
794
794
793
791
791
791
791
791
791
790
790
787
787
785
785
784
784
784
784
783
783
783
782
782
781
779
778
777
777
776
776
776
774
774
774
773
772
772
772
771
770
769
768
768
768
767
767
766
766
765
765
765
764
764
763
763
763
763
763
763
762
762
762
762
762
762
761
761
760
760
760
760
759
757
757
757
756
756
756
755
755
755
755
755
754
753
753
752
751
751
751
751
749
747
746
746
746
745
745
744
744
744
744
743
742
741
741
741
741
740
738
738
737
737
736
736
735
734
733
733
731
728
725
723
722
721
721
720
720
719
719
718
716
716
713
713
713
713
713
712
712
708
706
705
703
703
702
702
701
701
700
700
698
698
697
697
697
695
694
693
690
690
689
689
688
687
687
684
682
682
681
681
678
675
674
674
674
671
669
667
667
666
666
666
666
665
665
664
663
662
660
659
659
656
655
654
653
653
651
651
650
650
649
649
649
648
648
647
646
645
644
644
643
643
642
639
639
638
638
637
637
636
636
634
633
633
632
632
631
630
630
629
628
627
626
626
625
625
625
624
624
624
623
623
623
622
621
620
620
618
618
618
617
616
615
615
614
613
612
612
611
610
609
609
609
608
608
607
607
607
605
605
604
603
603
602
600
599
599
598
596
596
595
595
592
590
590
589
588
588
587
587
585
583
583
582
582
581
581
580
579
579
578
578
574
573
572
572
571
570
570
569
569
567
566
565
561
559
559
559
557
555
551
549
549
545
545
536
536
536
535
535
535
534
534
534
534
533
532
532
532
531
531
531
530
529
526
524
523
508
387
381
177
6000
6000
6000
6000
6000
6000
6000
6000
6000
6000
6000
5841
5294
4860
4134
3913
3454
3291
3251
3028
2710
2450
2218
2102
2093
2055
1953
1951
1779
1630
1545
1194
1091
1089
1028
931
929
904
802
801
800
800
800
799
798
798
796
795
795
794
794
793
793
793
792
792
791
791
790
790
789
788
788
787
787
786
785
784
784
783
783
782
781
780
780
778
778
778
776
776
776
775
775
774
773
773
773
772
772
771
771
770
769
769
768
768
768
767
767
766
766
765
763
763
763
762
762
762
762
761
761
761
760
760
760
760
759
759
757
757
757
757
757
757
756
756
756
756
755
755
755
754
754
751
751
751
750
749
749
749
749
748
748
748
747
743
743
743
742
742
741
739
739
738
737
736
734
733
731
730
730
728
728
728
727
726
725
721
718
716
715
712
712
712
711
710
708
707
707
706
703
702
702
702
701
696
696
695
694
692
691
690
690
690
690
689
686
683
682
681
680
679
678
677
675
674
673
672
670
668
667
666
665
665
664
664
662
662
661
661
660
659
659
657
656
656
656
656
656
655
655
653
653
652
651
649
648
648
648
648
648
647
646
644
644
643
642
642
642
641
641
641
639
638
637
637
637
637
636
636
635
635
635
634
634
632
631
629
629
629
628
628
627
627
626
626
626
626
626
624
624
623
623
623
622
621
621
620
616
616
616
615
614
614
614
613
613
613
613
612
612
612
610
609
609
605
605
604
604
604
602
602
602
600
600
599
599
598
597
597
596
594
593
593
591
590
590
590
589
587
586
586
586
585
585
584
584
584
584
581
580
580
577
577
577
575
574
573
572
572
572
571
567
567
567
566
565
564
562
562
561
560
559
557
557
554
552
551
546
536
536
536
536
535
535
535
535
535
535
535
534
534
533
532
531
531
531
531
528
525
524
519
499
499
477
464
452
417
372
367
6000
6000
6000
6000
6000
6000
6000
6000
6000
6000
5175
4513
3580
3482
3163
2915
2787
2415
2395
2234
2222
2201
2083
1993
1956
1952
1942
1688
1569
1520
1486
1387
1185
1172
1002
965
953
907
891
860
838
820
803
801
800
800
799
799
799
798
797
797
797
797
796
795
793
793
793
793
793
792
791
791
791
787
786
786
785
785
784
784
783
783
782
782
782
780
779
778
776
776
776
775
774
774
773
773
772
772
772
772
772
771
771
771
770
770
770
769
768
767
767
767
766
765
765
764
764
764
763
762
762
762
761
761
761
761
761
760
760
759
759
759
759
759
758
757
757
755
755
755
754
753
753
753
753
753
752
751
751
750
749
749
748
747
747
747
746
746
744
744
743
743
742
741
739
738
736
735
733
733
730
730
730
730
727
727
726
724
721
721
718
718
717
716
716
716
715
711
708
708
707
706
705
704
702
700
700
699
698
698
696
693
693
692
691
691
689
688
687
687
685
685
685
684
682
680
679
679
676
675
674
674
674
673
672
672
670
669
669
666
665
664
662
661
661
660
660
659
659
658
658
658
656
656
655
655
654
654
653
652
652
651
651
651
650
650
649
649
649
648
647
645
645
644
643
642
641
640
639
638
635
635
634
634
634
633
632
631
631
630
629
629
629
628
628
627
627
627
626
626
625
625
624
623
623
623
622
622
622
621
619
619
619
618
616
616
616
615
613
613
612
612
612
612
612
608
607
607
607
607
606
605
604
603
603
602
601
601
599
598
598
597
596
595
595
594
592
591
591
589
589
586
586
585
582
582
582
579
577
575
574
574
573
573
571
571
571
570
570
569
566
566
564
564
563
560
560
560
559
559
558
557
556
556
551
545
540
539
538
537
536
535
535
535
534
534
534
534
533
532
532
532
532
532
531
530
528
510
505
491
486
475
472
437
435
411
324
266
6000
6000
6000
6000
6000
6000
6000
5918
4917
3666
3435
3200
3152
3095
2897
2654
2642
2623
2505
2470
2113
2060
2008
1913
1893
1865
1802
1779
1774
1596
1547
1457
1359
1094
1022
993
981
869
854
812
801
800
800
800
797
797
797
796
796
796
794
794
794
793
793
792
792
792
792
791
790
789
788
788
787
786
785
785
784
783
783
783
783
783
782
782
782
782
782
781
780
779
779
779
778
777
777
776
775
774
774
774
773
773
773
771
770
770
769
769
769
769
768
767
767
767
765
764
764
764
763
762
762
762
762
762
761
760
760
759
759
759
759
758
758
758
757
757
757
757
756
756
756
755
755
755
753
753
752
751
751
750
750
750
750
748
747
747
747
747
746
745
745
744
743
743
742
741
741
739
739
739
737
736
736
732
729
727
727
727
726
726
725
724
721
721
720
720
719
717
716
713
711
710
708
707
707
706
705
705
705
704
703
702
701
701
699
699
699
698
697
696
695
692
692
684
683
680
677
672
671
671
671
670
668
666
666
666
664
663
663
662
662
661
660
660
659
657
657
656
655
655
654
654
654
652
652
650
650
649
647
646
645
645
643
642
642
642
642
641
641
639
638
637
636
635
634
634
634
634
633
633
633
632
632
632
631
631
631
631
630
630
630
629
629
629
627
627
626
626
625
625
625
625
623
622
621
620
619
619
618
618
617
617
616
616
614
612
612
611
610
609
609
609
608
607
607
607
607
607
606
605
605
605
604
604
603
602
602
601
600
600
600
600
599
599
599
599
598
597
596
595
593
593
593
592
592
592
589
589
588
586
586
586
584
584
583
582
580
579
574
573
573
572
572
572
571
570
570
569
569
569
568
567
566
566
563
560
559
559
551
550
546
536
536
536
536
536
536
535
534
533
533
533
532
531
530
530
529
528
524
498
496
486
476
475
473
411
341
227
6000
6000
6000
6000
5551
5362
4330
3335
3059
3043
2873
2675
2623
2529
2478
2467
2459
2188
1944
1925
1866
1811
1773
1589
1550
1431
1341
1255
1224
1206
1204
1173
1141
1137
1080
998
927
848
841
802
802
801
800
797
796
795
793
792
792
791
790
790
789
788
788
788
787
786
785
785
784
783
782
782
781
780
780
779
779
779
779
778
778
778
775
775
775
775
774
774
774
773
773
773
773
772
772
771
770
770
769
769
768
767
767
765
765
764
764
762
761
761
761
761
761
761
761
761
760
760
759
759
759
758
758
758
758
757
757
757
757
756
756
756
756
754
752
751
751
750
749
749
749
749
748
748
748
748
748
748
746
744
743
742
742
742
742
742
742
741
738
738
737
734
732
732
732
729
728
728
728
727
727
727
724
724
724
721
720
719
715
713
710
709
708
708
708
707
706
705
704
703
701
700
699
699
698
698
698
697
697
695
694
691
690
689
689
689
689
688
685
685
684
684
684
683
682
681
680
679
678
678
678
677
677
674
673
672
672
672
671
671
670
670
669
668
666
666
666
665
663
662
662
662
662
661
661
660
660
656
655
654
653
653
652
652
652
651
650
647
647
646
645
644
643
642
641
640
639
639
637
637
636
636
633
633
632
631
630
630
630
630
629
628
628
628
628
627
626
626
626
625
624
623
623
623
623
622
622
621
620
619
618
618
618
617
617
617
616
616
616
614
614
614
613
612
612
611
610
609
609
608
607
607
606
606
605
605
605
605
605
603
603
603
602
601
601
601
598
595
595
594
594
593
591
591
591
589
588
587
587
587
584
582
582
580
580
579
579
579
578
576
574
572
572
571
571
570
569
567
566
565
565
564
562
560
559
558
554
551
547
543
539
536
536
536
535
535
535
535
535
534
533
533
533
532
532
531
531
531
531
531
531
529
529
528
492
479
441
341
6000
6000
6000
6000
6000
6000
6000
6000
6000
6000
5726
3635
3468
2254
2175
2125
2092
2062
1869
1854
1720
1590
1490
1314
1285
1200
1169
1121
1088
1059
993
864
845
816
802
801
801
800
799
799
797
797
796
795
793
792
792
792
792
791
790
790
789
787
787
786
785
785
784
783
783
782
782
781
780
780
779
779
779
778
778
777
776
776
775
775
775
775
775
774
774
774
773
773
772
772
772
771
771
769
768
768
767
767
767
766
766
766
766
765
765
765
764
763
763
763
762
762
762
762
761
761
761
760
760
758
757
757
756
756
755
755
755
755
755
755
754
754
754
753
753
753
752
752
752
751
751
750
750
750
749
749
748
746
746
745
744
744
744
743
743
742
741
741
740
740
738
738
738
738
736
735
733
731
730
730
729
725
723
722
721
721
721
718
717
717
717
717
716
716
715
715
713
712
712
706
703
701
700
700
700
699
699
699
697
696
693
691
691
691
690
689
686
685
685
684
684
682
680
677
676
676
676
675
674
673
672
671
671
671
671
671
670
667
666
666
666
664
664
664
664
663
663
662
659
659
658
657
657
657
657
655
655
655
655
654
654
653
651
650
649
647
647
646
644
643
641
640
639
638
637
636
636
635
635
634
634
633
633
632
632
631
631
631
630
629
629
628
628
628
627
626
626
624
624
623
623
622
621
621
621
620
620
620
619
619
618
617
616
616
615
612
612
611
610
610
610
609
608
607
606
606
606
605
603
603
602
602
601
601
601
600
600
600
599
599
598
598
598
598
597
595
592
592
592
590
590
589
587
587
587
587
586
586
585
584
584
582
581
581
580
576
575
574
574
571
571
570
570
569
569
568
564
563
563
561
560
559
559
558
554
553
551
551
544
536
536
535
535
535
534
534
534
533
533
533
532
532
532
531
531
524
523
523
510
510
508
487
458
329
6000
6000
6000
6000
6000
6000
5515
4869
4214
4086
3766
3742
3353
3039
2990
2718
2366
2204
2182
2088
2054
1967
1950
1950
1726
1723
1700
1443
1371
1349
1219
928
898
827
816
802
801
800
799
799
799
799
798
796
796
795
795
794
793
793
793
793
791
790
790
789
788
788
788
787
786
786
785
785
781
780
780
780
780
778
778
777
776
775
775
775
773
771
771
770
770
770
769
769
768
768
767
767
766
766
766
765
764
764
764
763
763
762
762
762
761
761
761
760
760
760
760
760
759
759
759
759
758
757
756
756
756
755
755
755
753
752
752
752
752
751
751
751
751
750
749
748
748
748
747
747
747
746
744
743
742
741
741
741
740
739
739
738
738
737
737
733
732
731
729
729
728
727
725
725
724
723
721
720
719
717
716
715
712
711
710
709
709
707
707
706
705
704
704
702
700
698
697
697
696
695
692
690
688
686
686
685
685
683
683
682
681
681
681
679
679
679
672
672
672
672
669
669
669
667
667
666
665
665
665
665
665
663
662
661
661
659
659
658
657
656
655
654
654
653
652
652
652
651
650
649
648
647
647
646
645
643
643
642
642
642
640
639
638
638
636
636
636
636
636
634
634
633
633
633
632
632
632
631
631
631
631
630
630
629
629
628
628
627
627
625
625
625
624
624
623
621
621
620
619
619
619
617
616
616
615
615
614
614
613
613
613
613
612
612
612
611
609
608
608
607
607
605
604
604
604
604
603
602
602
602
602
602
601
601
601
600
599
599
597
597
597
597
596
596
593
592
590
589
588
588
588
587
587
586
584
583
582
582
581
579
579
578
578
578
575
574
571
571
571
570
570
569
567
567
567
567
567
565
563
563
562
560
557
557
551
541
537
535
535
535
535
534
534
533
533
532
531
531
530
528
525
520
518
512
511
484
479
472
471
464
449
445
440
78
6000
6000
6000
6000
6000
6000
6000
4857
4375
3637
3441
3363
3218
2900
2837
2832
2584
2541
2115
2081
2080
1937
1900
1887
1884
1750
1706
1651
1644
1597
1540
1527
1455
1285
1280
1231
1142
1103
921
897
828
802
802
800
799
799
797
796
794
794
793
793
792
791
791
791
790
790
789
789
787
787
784
784
784
783
782
780
780
779
779
778
778
777
777
776
775
775
775
773
772
772
771
771
770
770
769
769
769
768
768
767
767
766
766
764
764
763
763
763
762
762
762
762
762
762
761
761
761
761
760
760
759
759
759
758
758
758
758
758
757
756
756
754
754
753
753
753
752
752
751
751
751
751
751
750
750
750
749
748
748
748
747
747
747
747
746
746
745
745
745
743
743
743
742
741
739
739
738
738
737
737
736
731
728
728
727
727
723
723
718
715
714
712
711
710
709
709
708
708
705
705
704
703
702
702
700
699
699
697
697
696
696
696
694
692
692
690
689
689
687
686
686
686
685
683
681
680
680
676
676
675
672
670
669
669
669
668
668
667
667
667
667
665
665
663
663
661
661
660
660
659
657
656
655
654
653
650
650
650
649
649
647
647
646
645
643
642
641
641
640
640
640
639
638
638
638
636
635
634
634
633
633
632
632
632
631
631
631
630
630
630
629
629
628
628
627
627
626
624
624
623
622
622
622
621
620
619
619
618
617
617
617
617
616
616
615
615
614
613
613
613
612
612
612
612
611
610
610
610
609
609
608
608
608
607
607
606
605
604
604
604
604
602
602
601
601
598
597
597
593
593
592
591
591
590
590
590
588
588
588
587
584
583
583
583
582
582
578
576
575
574
574
574
573
572
571
571
571
570
569
568
567
566
566
565
565
564
560
559
556
551
551
549
545
542
538
536
535
535
535
535
534
534
534
533
533
532
532
514
510
493
478
475
462
443
421
369
336
273
6000
6000
6000
5677
4996
4617
3834
3594
3513
3375
3330
3205
3060
3011
2866
2365
2339
2142
2141
2109
1982
1966
1941
1875
1862
1800
1516
1431
1332
1224
1179
1110
1081
1080
1060
905
893
872
802
800
799
798
795
794
793
793
792
791
791
791
790
789
789
789
788
788
788
786
786
785
785
784
783
783
781
780
778
777
777
777
776
776
775
775
774
774
774
774
774
773
773
773
772
771
770
770
770
770
769
769
769
768
767
767
767
766
765
765
765
764
764
762
762
761
761
761
761
761
761
760
759
759
758
758
757
757
757
757
756
756
755
755
754
753
753
752
751
751
751
750
749
749
749
749
748
748
748
746
746
746
745
745
743
742
741
740
740
739
739
739
738
738
738
735
734
734
733
732
729
726
722
721
721
718
717
716
715
715
713
712
712
712
710
710
708
708
706
706
705
705
705
705
702
702
701
700
699
698
697
696
696
696
695
694
692
692
688
688
687
686
684
683
682
681
677
677
676
675
674
673
673
672
672
670
669
669
668
666
665
665
664
664
663
663
662
662
662
661
661
661
660
659
659
658
658
658
658
654
654
654
653
651
651
649
648
647
646
646
646
646
646
645
643
641
639
639
639
639
638
636
636
634
634
634
633
633
633
633
631
631
631
630
629
629
629
627
626
626
626
625
625
624
624
624
623
623
623
622
621
619
618
618
618
618
617
617
616
615
615
613
612
612
611
610
610
610
608
607
606
605
604
604
604
602
602
601
600
600
600
599
599
598
598
597
595
594
593
592
592
591
591
590
590
589
589
588
588
586
585
582
581
580
578
577
576
574
574
574
573
573
570
570
569
568
568
567
565
564
564
561
559
559
559
557
556
551
550
550
547
544
537
536
536
536
536
536
535
535
535
534
534
533
533
532
532
532
532
531
518
510
487
482
463
458
454
448
436
429
420
419
6000
6000
6000
6000
6000
5244
4898
4758
4734
4161
4023
3813
3764
3238
3124
2907
2822
2690
2640
2602
2367
2266
2156
1983
1977
1946
1658
1654
1626
1581
1442
1401
1322
1105
1104
1091
956
882
800
798
798
797
796
796
795
791
791
791
790
790
789
788
786
784
784
783
783
782
782
780
780
778
778
778
777
777
777
776
775
775
773
773
773
773
772
772
771
770
770
769
769
769
767
767
767
766
766
766
765
765
765
764
764
764
763
763
763
763
763
762
762
762
761
761
761
760
759
759
759
759
759
759
758
758
758
757
757
757
756
755
754
754
752
752
752
752
751
751
749
749
747
747
746
746
746
744
744
744
743
743
743
742
742
742
741
741
741
740
740
740
738
736
735
734
733
733
733
732
730
730
729
727
727
723
721
719
718
718
717
715
715
715
713
711
711
711
710
709
708
708
707
706
706
706
705
703
701
701
700
700
699
699
699
697
697
694
694
693
692
690
690
689
689
687
685
682
681
677
677
676
676
674
674
674
673
673
672
670
670
669
669
668
667
667
666
666
665
664
662
661
661
661
661
660
660
658
656
656
655
655
655
654
652
651
650
649
649
648
647
646
643
642
642
642
641
640
640
640
639
639
639
638
636
635
635
635
634
634
634
634
633
632
631
631
631
630
630
630
629
629
629
627
627
625
625
624
623
623
622
621
621
621
621
620
620
619
619
618
618
618
617
616
616
615
614
614
614
614
613
612
612
611
611
610
608
608
607
607
606
605
603
603
602
601
601
601
599
599
599
598
596
596
596
594
593
592
590
589
589
587
587
586
586
586
585
585
583
583
581
579
578
578
576
576
573
573
572
570
569
568
567
567
567
566
564
560
560
559
558
557
557
556
556
552
550
543
543
540
536
536
535
535
535
534
534
533
533
533
532
532
531
530
529
525
525
497
496
456
280
240
6000
6000
6000
6000
6000
5476
5343
5159
4945
4252
4000
3589
3541
3417
3387
3069
2913
2313
2179
2144
2125
2124
2105
2083
1959
1909
1859
1697
1627
1597
1415
1378
1292
1134
1016
802
802
801
801
800
800
800
798
798
797
795
795
795
794
792
792
791
789
788
788
787
786
786
785
784
784
783
783
783
781
779
779
778
778
776
776
776
776
775
774
774
774
774
773
772
772
771
771
770
769
768
767
767
767
767
766
766
765
765
764
764
764
763
763
763
763
762
761
761
761
761
761
760
760
760
760
760
759
759
758
758
757
757
757
756
755
755
753
752
752
752
752
752
751
751
751
750
748
748
747
746
745
745
745
743
743
743
742
742
742
741
741
741
740
740
737
736
736
735
735
731
730
730
729
728
728
728
726
724
723
723
722
721
718
718
717
711
709
708
706
706
706
705
704
703
703
703
702
700
699
699
699
698
698
698
697
696
694
685
684
684
681
681
680
680
679
678
677
676
676
676
674
674
673
673
672
672
671
671
671
670
669
668
668
668
668
666
666
666
664
661
660
660
660
659
658
658
656
656
655
654
653
652
652
652
651
650
650
649
649
649
649
648
647
643
642
641
640
639
639
639
637
636
635
635
635
635
634
634
632
632
631
631
631
631
630
630
630
629
629
629
628
627
627
627
627
626
625
624
624
623
622
621
618
618
618
617
617
616
615
615
615
614
614
613
612
611
611
610
608
607
606
606
606
605
604
604
603
603
601
600
600
599
598
598
597
597
597
596
596
595
593
591
591
590
589
588
586
586
584
584
582
580
580
578
578
576
575
573
573
572
571
571
569
568
568
566
566
565
565
563
561
561
560
560
559
559
558
558
556
550
548
544
543
537
536
536
536
536
535
535
535
534
534
534
534
533
533
532
532
532
532
531
531
531
529
528
520
516
515
512
511
454
442
371
6000
6000
6000
6000
6000
6000
5636
5282
4827
4426
3370
3217
2945
2625
2447
2307
2187
2062
1959
1944
1767
1612
1498
1485
1311
1222
1197
994
902
900
895
836
802
802
802
802
801
801
799
799
799
798
798
797
797
796
796
795
794
794
792
792
792
791
791
791
790
790
790
788
788
787
787
785
785
785
784
784
783
783
782
781
780
779
778
778
777
777
776
775
775
774
774
773
773
773
773
772
772
772
771
769
769
768
767
766
766
766
766
765
765
765
765
765
763
763
762
762
762
761
761
761
761
761
760
760
760
759
759
758
757
757
757
755
755
754
754
753
753
753
753
752
752
752
751
751
750
749
748
748
748
748
747
747
747
746
746
744
744
744
744
744
744
743
743
743
743
741
741
741
740
738
736
736
734
734
733
732
730
730
726
726
724
722
718
717
716
714
712
711
710
709
708
708
708
706
706
706
704
703
703
702
700
700
697
697
697
697
696
696
695
694
692
691
687
686
685
684
681
680
677
677
676
674
673
673
673
671
671
671
669
668
668
667
667
667
666
666
665
665
664
663
663
661
661
659
659
657
657
657
656
656
656
655
654
653
653
652
652
651
650
649
648
647
647
647
645
645
644
644
644
643
643
642
642
640
639
638
638
636
636
635
633
633
633
633
632
632
632
632
630
629
628
626
626
625
624
623
623
623
622
622
622
622
621
620
619
618
616
615
614
614
614
614
614
613
613
613
612
612
612
612
610
609
608
608
607
607
605
605
605
604
604
604
603
603
603
603
600
599
598
598
597
596
596
595
595
594
593
592
592
591
590
586
584
582
582
581
581
581
581
580
580
578
578
576
574
572
572
571
571
570
570
569
568
567
566
565
560
560
560
560
559
559
557
550
550
550
541
540
540
537
536
534
533
533
531
531
531
531
530
524
522
521
508
508
499
498
485
445
6000
6000
6000
6000
6000
6000
6000
5228
4556
4006
3770
3495
3348
3062
2973
2683
2682
2647
2615
2310
2135
1994
1969
1893
1835
1815
1809
1799
1723
1654
1619
1586
1499
1456
1360
1350
1337
1211
1007
968
912
902
872
866
820
811
809
802
800
799
799
798
797
796
795
794
792
792
790
790
789
789
788
788
788
788
787
785
784
784
783
783
782
781
779
779
777
776
776
776
776
775
775
775
775
774
773
773
773
773
773
773
773
771
771
770
769
769
769
768
768
767
766
764
764
764
763
762
762
762
761
761
761
761
761
760
760
760
760
760
759
759
759
758
758
757
757
756
756
756
755
755
755
754
754
752
752
752
751
751
750
750
749
747
746
746
746
745
745
744
744
742
742
740
740
739
738
738
737
737
736
736
735
734
734
730
729
729
728
726
726
726
725
724
723
723
719
718
716
716
715
715
715
715
711
710
708
708
707
705
702
701
699
699
698
697
697
696
695
695
692
691
690
689
688
688
685
682
682
679
678
677
677
676
673
672
671
671
670
670
669
668
666
665
665
664
664
663
661
661
659
658
658
657
657
657
656
656
655
653
653
652
652
651
651
651
650
649
649
649
648
647
644
642
642
642
641
640
640
640
639
639
639
638
638
638
638
638
636
634
632
631
631
630
630
629
629
629
628
627
627
624
624
623
623
622
621
621
621
620
618
618
617
617
616
615
613
613
613
612
612
610
610
610
608
608
608
607
607
607
606
605
605
604
603
602
602
601
601
600
600
598
598
597
597
596
593
593
591
591
591
588
587
586
585
585
584
583
583
583
582
582
581
581
581
580
577
577
577
575
573
573
572
571
571
569
568
567
566
563
562
562
560
560
558
557
556
551
550
549
544
539
537
536
535
535
535
535
535
535
534
534
533
533
533
533
532
531
531
530
529
529
526
525
513
510
493
437
424
379
6000
6000
6000
6000
6000
5757
4822
4753
4531
4282
4179
3838
3537
3378
3194
2918
2846
2799
1992
1929
1822
1776
1713
1568
1566
1533
1527
1509
1380
1229
1220
1092
1054
927
910
890
833
802
800
800
799
798
798
798
797
797
796
796
796
794
793
793
792
792
792
792
791
791
790
790
789
788
787
787
787
786
786
785
785
782
779
779
778
777
777
776
775
775
775
775
774
774
774
774
772
772
771
771
770
769
769
769
767
767
766
766
765
765
765
765
764
764
764
764
763
763
762
761
761
761
761
761
760
759
759
759
756
756
756
755
755
755
754
754
754
753
753
752
752
752
752
752
750
750
750
750
749
748
748
747
747
747
746
743
742
742
741
741
740
740
740
740
740
739
738
737
735
735
734
733
729
729
728
727
727
725
724
724
723
722
721
719
717
716
715
712
712
711
711
710
709
709
707
706
705
705
704
704
704
702
701
701
701
699
699
699
696
693
693
690
690
690
689
684
680
676
674
673
673
672
671
669
669
669
668
668
667
666
666
666
666
665
664
664
663
662
662
662
661
659
659
659
658
657
657
656
656
654
653
653
653
653
653
653
651
650
650
649
649
649
647
646
642
642
641
640
639
639
639
638
637
636
636
635
635
634
633
631
631
630
630
630
629
629
629
626
625
625
624
624
624
623
623
623
622
621
621
619
619
618
617
617
615
614
614
614
613
611
610
609
607
607
607
604
604
604
604
604
603
603
602
602
601
601
599
599
598
597
597
596
595
595
594
593
592
591
591
589
588
588
588
587
586
586
584
584
582
582
581
581
578
578
577
576
575
574
574
573
572
572
570
570
569
569
568
564
563
562
561
560
558
558
556
555
554
553
553
551
548
540
539
537
536
536
535
535
535
535
535
535
534
534
533
533
533
532
532
532
531
531
528
525
525
524
523
510
487
466
360
60
6000
6000
6000
6000
6000
6000
6000
6000
4898
4226
3914
3805
3190
3031
3021
2963
2946
2868
2795
2673
2348
2331
2241
2173
2117
2081
2040
1933
1446
1387
1189
1140
1118
1057
1001
966
870
835
803
802
801
799
798
798
797
797
797
796
795
795
794
793
793
792
792
791
791
790
788
788
787
786
786
784
784
784
784
781
779
779
779
779
778
778
777
777
777
776
775
775
775
774
774
774
774
773
771
770
770
769
768
768
768
768
768
767
767
767
766
766
766
765
763
763
763
762
762
762
762
762
761
761
761
760
760
760
759
758
758
758
758
757
757
757
757
756
756
756
756
755
754
754
754
753
752
752
751
751
750
749
748
748
747
747
747
746
745
745
744
743
743
743
742
742
742
742
738
738
738
738
738
738
737
737
734
732
730
730
724
720
720
720
719
718
718
718
717
717
716
715
715
714
713
712
711
708
708
706
706
706
705
705
704
704
704
703
701
701
701
700
699
691
689
687
684
683
681
678
674
674
674
673
672
669
669
668
668
667
667
667
665
663
661
659
658
658
657
656
656
656
655
654
654
654
653
652
650
649
649
648
648
648
647
647
647
646
646
646
646
644
643
642
642
641
640
639
639
639
639
638
637
636
636
635
634
634
632
631
631
629
628
628
627
626
625
624
624
622
622
622
622
621
621
621
620
620
619
619
618
618
617
617
616
616
616
615
614
613
612
612
612
611
611
609
609
609
608
608
608
605
605
604
603
602
601
601
601
599
599
599
599
598
597
595
594
594
592
592
591
590
589
588
587
587
586
586
585
585
585
584
582
581
580
580
578
577
576
575
573
573
572
572
572
571
570
569
568
568
567
567
566
566
566
564
561
559
558
557
557
556
554
553
552
547
546
545
543
539
536
536
535
535
534
532
530
529
528
528
522
521
510
510
500
481
480
476
463
441
418
376
6000
6000
6000
6000
6000
5656
5575
4957
4929
3806
3724
3700
3512
3018
2847
2667
2519
2469
2352
2277
2185
2144
1984
1934
1902
1826
1819
1680
1540
1534
1530
1436
1416
1395
1373
1272
1146
1019
996
990
990
966
815
801
800
799
799
798
798
798
797
797
795
794
793
793
793
792
792
790
789
789
788
787
787
786
784
783
782
782
781
781
777
777
777
776
776
775
775
775
775
774
774
774
773
773
773
772
770
770
769
768
767
767
764
764
764
762
762
762
762
762
762
762
762
761
761
761
761
760
760
760
760
759
759
759
758
758
758
757
757
757
757
756
756
756
755
754
754
753
753
752
751
751
751
750
750
748
748
748
747
747
746
745
745
744
743
743
743
742
740
740
740
739
739
738
736
736
736
733
733
731
729
727
725
725
725
724
724
723
723
723
722
722
721
719
719
718
714
713
712
712
711
711
710
709
707
704
703
703
703
702
700
698
697
697
696
696
696
694
694
693
691
690
687
687
686
686
686
684
682
681
680
679
677
676
676
674
673
672
671
671
670
670
670
669
668
668
666
665
665
664
664
664
664
662
661
659
658
658
658
658
658
658
656
656
655
655
652
652
652
651
649
648
648
647
646
646
646
646
645
642
641
640
638
635
634
633
633
633
633
632
632
632
631
630
629
628
628
627
627
626
625
624
624
624
624
623
623
622
621
621
621
621
618
618
617
617
617
616
616
616
615
614
614
613
613
612
612
612
612
611
610
609
608
607
606
605
605
605
604
604
603
602
601
600
600
599
596
595
593
592
592
592
592
592
592
590
588
588
587
586
586
586
585
584
582
581
580
580
578
574
573
572
572
572
571
569
568
568
568
567
565
564
563
560
560
559
558
555
551
550
546
546
543
536
536
536
535
535
534
533
533
533
533
532
532
531
531
530
525
523
519
511
490
483
479
461
348
332
6000
6000
6000
6000
6000
5265
4619
4274
3666
3227
2828
2755
2632
2508
2459
2455
2447
2444
2380
2133
1997
1931
1875
1795
1786
1644
1605
1581
1580
1507
1403
1320
1318
1308
1126
1097
1063
1056
1033
971
954
868
858
853
802
801
800
799
797
796
794
794
793
793
793
792
790
790
790
790
790
788
788
787
787
786
786
785
784
783
783
782
782
781
780
779
779
779
779
779
778
778
776
775
775
775
775
774
773
773
773
773
772
771
771
770
769
768
767
766
766
766
766
765
764
764
764
763
763
763
762
762
761
761
761
760
760
759
759
759
758
758
758
758
757
756
756
756
755
754
754
754
752
752
752
751
751
750
749
748
748
747
747
747
747
747
746
746
746
745
744
744
744
743
743
740
740
740
738
737
737
737
734
734
734
731
731
731
730
725
725
723
723
721
720
719
719
717
716
713
713
712
712
709
709
707
706
705
703
702
701
701
700
699
698
698
698
697
697
695
695
694
694
694
692
689
685
682
680
680
679
679
678
678
677
677
675
673
673
672
670
670
670
670
669
669
667
664
664
662
661
661
660
659
657
656
656
655
654
654
654
653
652
652
652
650
650
649
648
648
643
642
642
641
639
638
638
638
637
636
635
635
633
633
632
632
631
631
628
628
628
628
627
627
625
625
624
623
621
621
621
619
618
618
618
618
617
617
617
616
616
616
613
613
613
612
612
611
610
608
607
607
605
604
604
603
603
603
603
603
601
600
600
600
599
599
598
597
596
596
596
594
594
593
592
592
591
591
589
588
588
587
587
586
585
585
583
578
578
578
578
574
573
573
572
572
571
571
570
569
569
569
568
566
566
566
562
562
559
558
558
557
556
555
555
552
552
551
550
547
538
538
536
536
535
535
535
535
534
534
533
533
533
533
532
532
532
532
532
532
530
530
530
529
528
523
345
334
250
100
6000
6000
6000
4654
4618
4560
4547
4416
3943
3357
3242
2868
2807
2733
2701
2634
2551
2409
2386
2339
2287
2124
1852
1787
1711
1599
1587
1522
1479
1384
1341
1259
1222
1196
1134
1106
1062
974
955
808
799
799
798
796
796
796
795
795
795
793
792
791
791
791
790
789
788
787
787
786
786
785
784
784
784
783
781
781
781
780
780
779
779
777
777
776
776
775
774
774
773
773
773
772
772
772
771
771
771
771
771
770
770
770
769
769
768
767
767
766
765
765
765
764
764
763
762
761
761
761
761
761
760
759
759
758
757
757
757
756
755
755
755
755
755
754
753
752
752
752
752
751
751
748
748
748
747
746
746
746
745
745
745
743
743
743
743
742
741
741
740
739
738
738
737
736
735
734
733
732
732
732
731
730
728
728
727
727
725
723
723
722
719
717
717
713
713
713
712
711
710
709
709
708
708
708
707
703
702
702
701
700
699
697
697
695
695
694
690
688
688
687
686
686
685
685
682
681
679
679
679
678
678
675
674
674
673
671
671
671
671
671
670
670
670
667
667
667
666
665
663
663
661
659
657
656
656
654
653
652
652
650
649
649
649
647
645
644
644
643
640
639
639
639
639
638
637
637
637
637
635
635
634
634
633
632
632
631
631
631
631
629
629
628
628
626
626
625
625
625
623
622
622
621
621
621
621
620
620
619
618
618
618
617
617
616
616
615
615
615
614
614
614
613
612
612
612
611
609
609
608
608
607
606
604
604
603
603
602
602
601
601
599
598
597
596
595
593
593
593
592
588
588
587
585
585
584
582
582
580
579
577
575
574
574
573
573
573
572
572
572
571
570
569
567
566
565
565
565
563
562
560
560
559
559
556
556
555
555
550
550
543
542
541
540
539
537
537
536
536
536
535
535
535
534
534
533
533
532
530
526
526
523
512
511
503
477
456
310
285
6000
6000
6000
6000
6000
6000
6000
6000
6000
6000
4514
4341
3365
3269
3254
3234
3195
3126
2860
2634
2272
2255
2204
2079
1938
1783
1727
1677
1646
1613
1556
1498
1395
1359
1259
1242
1101
1091
1072
1063
1050
802
801
800
800
798
796
796
794
792
792
791
791
791
790
788
788
787
787
786
786
785
785
785
784
784
784
783
782
780
779
779
778
778
778
776
775
775
775
775
774
774
773
773
772
772
772
772
772
772
772
771
771
769
769
769
768
767
766
766
766
766
766
766
765
765
765
763
763
762
761
761
761
760
760
759
759
759
759
759
759
758
758
758
757
757
756
755
755
755
754
753
752
751
750
750
748
748
748
748
747
746
746
746
746
745
745
744
743
742
742
742
741
741
741
741
740
738
738
735
734
731
730
729
729
729
727
725
724
724
721
721
720
719
718
718
718
718
717
716
716
714
713
712
711
710
710
709
709
707
703
700
698
696
696
695
694
693
692
692
691
690
686
686
685
684
681
681
680
680
677
673
672
672
671
671
669
668
667
667
665
663
662
661
661
661
660
660
659
657
656
655
655
654
654
654
654
654
653
651
650
649
649
648
647
644
644
643
642
642
641
641
641
640
640
640
639
638
638
637
637
636
636
635
635
634
634
633
631
630
629
628
627
627
626
626
625
625
624
624
624
622
622
620
620
620
620
619
617
617
617
617
616
615
615
615
614
613
613
612
612
611
609
608
607
607
607
606
606
606
605
604
604
604
603
602
601
600
600
596
596
595
594
593
593
592
591
590
590
588
588
587
586
585
585
584
583
581
580
577
576
575
575
574
573
572
572
571
571
571
571
570
568
566
565
564
563
563
560
560
559
557
554
550
547
547
543
538
536
536
536
535
535
535
535
535
535
535
535
534
534
533
533
533
533
533
532
532
532
532
531
531
531
530
530
530
523
516
463
323
6000
6000
6000
6000
6000
4427
4213
4122
3691
3547
3281
3058
2914
2674
2557
2461
2396
2383
2253
2249
2111
2051
2031
1941
1910
1812
1766
1729
1679
1620
1598
1556
1468
1448
1428
1334
1154
1144
974
900
853
814
802
802
802
801
801
801
799
799
799
798
796
796
794
793
793
792
791
789
789
788
786
786
786
785
785
785
783
783
782
781
779
778
778
778
777
776
776
776
775
775
775
775
775
774
774
774
772
772
771
771
771
771
770
770
769
768
768
768
768
767
767
767
766
766
765
764
764
764
764
764
763
763
763
763
762
761
760
760
758
758
757
757
756
756
756
755
755
754
754
753
753
753
752
751
750
750
750
749
748
747
747
747
747
746
744
743
743
742
742
740
740
740
738
738
738
737
736
734
733
732
732
728
727
725
724
720
720
718
717
716
715
715
712
711
709
708
707
707
706
705
705
704
704
703
701
701
700
700
699
699
698
698
696
694
694
694
691
686
685
685
684
683
682
681
680
680
679
678
678
678
678
678
677
676
675
673
670
670
667
666
666
666
665
665
664
663
663
662
661
661
661
660
659
658
657
656
654
654
653
653
653
651
651
651
650
650
649
648
647
646
646
645
643
642
641
641
640
640
640
639
639
639
639
638
638
636
635
634
634
634
633
633
633
632
631
630
630
629
629
629
629
629
628
628
627
627
626
625
625
624
624
621
620
620
619
618
618
618
618
617
617
616
615
613
613
613
613
613
613
612
610
608
607
606
605
605
605
604
604
604
604
601
600
600
599
597
596
596
596
592
592
592
590
590
589
587
586
585
584
582
581
578
577
576
576
574
573
573
573
572
572
572
572
570
570
566
563
563
563
563
561
561
560
560
559
559
557
553
551
551
549
545
537
536
535
535
534
534
534
533
533
532
532
531
529
523
510
510
497
492
487
481
476
432
389
378
208
136
6000
6000
6000
6000
6000
6000
6000
4529
4441
3867
3637
3199
3096
2768
2297
2289
2145
2135
2097
1952
1896
1792
1771
1770
1678
1640
1617
1591
1531
1502
1468
1269
1148
835
814
806
802
801
800
800
799
799
797
797
796
796
794
794
794
793
791
791
791
791
791
791
790
790
787
787
785
785
784
784
784
784
783
783
783
782
782
781
779
778
777
777
776
776
776
774
774
774
773
772
772
772
771
770
769
768
768
768
767
767
766
766
765
765
765
764
764
763
763
763
763
763
763
762
762
762
762
762
762
761
761
760
760
760
760
759
757
757
757
756
756
756
755
755
755
755
755
754
753
753
752
751
751
751
751
749
747
746
746
746
745
745
744
744
744
744
743
742
741
741
741
741
740
738
738
737
737
736
736
735
734
733
733
731
728
725
723
722
721
721
720
720
719
719
718
716
716
713
713
713
713
713
712
712
708
706
705
703
703
702
702
701
701
700
700
698
698
697
697
697
695
694
693
690
690
689
689
688
687
687
684
682
682
681
681
678
675
674
674
674
671
669
667
667
666
666
666
666
665
665
664
663
662
660
659
659
656
655
654
653
653
651
651
650
650
649
649
649
648
648
647
646
645
644
644
643
643
642
639
639
638
638
637
637
636
636
634
633
633
632
632
631
630
630
629
628
627
626
626
625
625
625
624
624
624
623
623
623
622
621
620
620
618
618
618
617
616
615
615
614
613
612
612
611
610
609
609
609
608
608
607
607
607
605
605
604
603
603
602
600
599
599
598
596
596
595
595
592
590
590
589
588
588
587
587
585
583
583
582
582
581
581
580
579
579
578
578
574
573
572
572
571
570
570
569
569
567
566
565
561
559
559
559
557
555
551
549
549
545
545
536
536
536
535
535
535
534
534
534
534
533
532
532
532
531
531
531
530
529
526
524
523
508
387
381
177
6000
6000
6000
6000
6000
6000
6000
6000
6000
6000
6000
5841
5294
4860
4134
3913
3454
3291
3251
3028
2710
2450
2218
2102
2093
2055
1953
1951
1779
1630
1545
1194
1091
1089
1028
931
929
904
802
801
800
800
800
799
798
798
796
795
795
794
794
793
793
793
792
792
791
791
790
790
789
788
788
787
787
786
785
784
784
783
783
782
781
780
780
778
778
778
776
776
776
775
775
774
773
773
773
772
772
771
771
770
769
769
768
768
768
767
767
766
766
765
763
763
763
762
762
762
762
761
761
761
760
760
760
760
759
759
757
757
757
757
757
757
756
756
756
756
755
755
755
754
754
751
751
751
750
749
749
749
749
748
748
748
747
743
743
743
742
742
741
739
739
738
737
736
734
733
731
730
730
728
728
728
727
726
725
721
718
716
715
712
712
712
711
710
708
707
707
706
703
702
702
702
701
696
696
695
694
692
691
690
690
690
690
689
686
683
682
681
680
679
678
677
675
674
673
672
670
668
667
666
665
665
664
664
662
662
661
661
660
659
659
657
656
656
656
656
656
655
655
653
653
652
651
649
648
648
648
648
648
647
646
644
644
643
642
642
642
641
641
641
639
638
637
637
637
637
636
636
635
635
635
634
634
632
631
629
629
629
628
628
627
627
626
626
626
626
626
624
624
623
623
623
622
621
621
620
616
616
616
615
614
614
614
613
613
613
613
612
612
612
610
609
609
605
605
604
604
604
602
602
602
600
600
599
599
598
597
597
596
594
593
593
591
590
590
590
589
587
586
586
586
585
585
584
584
584
584
581
580
580
577
577
577
575
574
573
572
572
572
571
567
567
567
566
565
564
562
562
561
560
559
557
557
554
552
551
546
536
536
536
536
535
535
535
535
535
535
535
534
534
533
532
531
531
531
531
528
525
524
519
499
499
477
464
452
417
372
367
6000
6000
6000
6000
6000
6000
6000
6000
6000
6000
5175
4513
3580
3482
3163
2915
2787
2415
2395
2234
2222
2201
2083
1993
1956
1952
1942
1688
1569
1520
1486
1387
1185
1172
1002
965
953
907
891
860
838
820
803
801
800
800
799
799
799
798
797
797
797
797
796
795
793
793
793
793
793
792
791
791
791
787
786
786
785
785
784
784
783
783
782
782
782
780
779
778
776
776
776
775
774
774
773
773
772
772
772
772
772
771
771
771
770
770
770
769
768
767
767
767
766
765
765
764
764
764
763
762
762
762
761
761
761
761
761
760
760
759
759
759
759
759
758
757
757
755
755
755
754
753
753
753
753
753
752
751
751
750
749
749
748
747
747
747
746
746
744
744
743
743
742
741
739
738
736
735
733
733
730
730
730
730
727
727
726
724
721
721
718
718
717
716
716
716
715
711
708
708
707
706
705
704
702
700
700
699
698
698
696
693
693
692
691
691
689
688
687
687
685
685
685
684
682
680
679
679
676
675
674
674
674
673
672
672
670
669
669
666
665
664
662
661
661
660
660
659
659
658
658
658
656
656
655
655
654
654
653
652
652
651
651
651
650
650
649
649
649
648
647
645
645
644
643
642
641
640
639
638
635
635
634
634
634
633
632
631
631
630
629
629
629
628
628
627
627
627
626
626
625
625
624
623
623
623
622
622
622
621
619
619
619
618
616
616
616
615
613
613
612
612
612
612
612
608
607
607
607
607
606
605
604
603
603
602
601
601
599
598
598
597
596
595
595
594
592
591
591
589
589
586
586
585
582
582
582
579
577
575
574
574
573
573
571
571
571
570
570
569
566
566
564
564
563
560
560
560
559
559
558
557
556
556
551
545
540
539
538
537
536
535
535
535
534
534
534
534
533
532
532
532
532
532
531
530
528
510
505
491
486
475
472
437
435
411
324
266
6000
6000
6000
6000
6000
6000
6000
5918
4917
3666
3435
3200
3152
3095
2897
2654
2642
2623
2505
2470
2113
2060
2008
1913
1893
1865
1802
1779
1774
1596
1547
1457
1359
1094
1022
993
981
869
854
812
801
800
800
800
797
797
797
796
796
796
794
794
794
793
793
792
792
792
792
791
790
789
788
788
787
786
785
785
784
783
783
783
783
783
782
782
782
782
782
781
780
779
779
779
778
777
777
776
775
774
774
774
773
773
773
771
770
770
769
769
769
769
768
767
767
767
765
764
764
764
763
762
762
762
762
762
761
760
760
759
759
759
759
758
758
758
757
757
757
757
756
756
756
755
755
755
753
753
752
751
751
750
750
750
750
748
747
747
747
747
746
745
745
744
743
743
742
741
741
739
739
739
737
736
736
732
729
727
727
727
726
726
725
724
721
721
720
720
719
717
716
713
711
710
708
707
707
706
705
705
705
704
703
702
701
701
699
699
699
698
697
696
695
692
692
684
683
680
677
672
671
671
671
670
668
666
666
666
664
663
663
662
662
661
660
660
659
657
657
656
655
655
654
654
654
652
652
650
650
649
647
646
645
645
643
642
642
642
642
641
641
639
638
637
636
635
634
634
634
634
633
633
633
632
632
632
631
631
631
631
630
630
630
629
629
629
627
627
626
626
625
625
625
625
623
622
621
620
619
619
618
618
617
617
616
616
614
612
612
611
610
609
609
609
608
607
607
607
607
607
606
605
605
605
604
604
603
602
602
601
600
600
600
600
599
599
599
599
598
597
596
595
593
593
593
592
592
592
589
589
588
586
586
586
584
584
583
582
580
579
574
573
573
572
572
572
571
570
570
569
569
569
568
567
566
566
563
560
559
559
551
550
546
536
536
536
536
536
536
535
534
533
533
533
532
531
530
530
529
528
524
498
496
486
476
475
473
411
341
227
6000
6000
6000
6000
5551
5362
4330
3335
3059
3043
2873
2675
2623
2529
2478
2467
2459
2188
1944
1925
1866
1811
1773
1589
1550
1431
1341
1255
1224
1206
1204
1173
1141
1137
1080
998
927
848
841
802
802
801
800
797
796
795
793
792
792
791
790
790
789
788
788
788
787
786
785
785
784
783
782
782
781
780
780
779
779
779
779
778
778
778
775
775
775
775
774
774
774
773
773
773
773
772
772
771
770
770
769
769
768
767
767
765
765
764
764
762
761
761
761
761
761
761
761
761
760
760
759
759
759
758
758
758
758
757
757
757
757
756
756
756
756
754
752
751
751
750
749
749
749
749
748
748
748
748
748
748
746
744
743
742
742
742
742
742
742
741
738
738
737
734
732
732
732
729
728
728
728
727
727
727
724
724
724
721
720
719
715
713
710
709
708
708
708
707
706
705
704
703
701
700
699
699
698
698
698
697
697
695
694
691
690
689
689
689
689
688
685
685
684
684
684
683
682
681
680
679
678
678
678
677
677
674
673
672
672
672
671
671
670
670
669
668
666
666
666
665
663
662
662
662
662
661
661
660
660
656
655
654
653
653
652
652
652
651
650
647
647
646
645
644
643
642
641
640
639
639
637
637
636
636
633
633
632
631
630
630
630
630
629
628
628
628
628
627
626
626
626
625
624
623
623
623
623
622
622
621
620
619
618
618
618
617
617
617
616
616
616
614
614
614
613
612
612
611
610
609
609
608
607
607
606
606
605
605
605
605
605
603
603
603
602
601
601
601
598
595
595
594
594
593
591
591
591
589
588
587
587
587
584
582
582
580
580
579
579
579
578
576
574
572
572
571
571
570
569
567
566
565
565
564
562
560
559
558
554
551
547
543
539
536
536
536
535
535
535
535
535
534
533
533
533
532
532
531
531
531
531
531
531
529
529
528
492
479
441
341
6000
6000
6000
6000
6000
6000
6000
6000
6000
6000
5726
3635
3468
2254
2175
2125
2092
2062
1869
1854
1720
1590
1490
1314
1285
1200
1169
1121
1088
1059
993
864
845
816
802
801
801
800
799
799
797
797
796
795
793
792
792
792
792
791
790
790
789
787
787
786
785
785
784
783
783
782
782
781
780
780
779
779
779
778
778
777
776
776
775
775
775
775
775
774
774
774
773
773
772
772
772
771
771
769
768
768
767
767
767
766
766
766
766
765
765
765
764
763
763
763
762
762
762
762
761
761
761
760
760
758
757
757
756
756
755
755
755
755
755
755
754
754
754
753
753
753
752
752
752
751
751
750
750
750
749
749
748
746
746
745
744
744
744
743
743
742
741
741
740
740
738
738
738
738
736
735
733
731
730
730
729
725
723
722
721
721
721
718
717
717
717
717
716
716
715
715
713
712
712
706
703
701
700
700
700
699
699
699
697
696
693
691
691
691
690
689
686
685
685
684
684
682
680
677
676
676
676
675
674
673
672
671
671
671
671
671
670
667
666
666
666
664
664
664
664
663
663
662
659
659
658
657
657
657
657
655
655
655
655
654
654
653
651
650
649
647
647
646
644
643
641
640
639
638
637
636
636
635
635
634
634
633
633
632
632
631
631
631
630
629
629
628
628
628
627
626
626
624
624
623
623
622
621
621
621
620
620
620
619
619
618
617
616
616
615
612
612
611
610
610
610
609
608
607
606
606
606
605
603
603
602
602
601
601
601
600
600
600
599
599
598
598
598
598
597
595
592
592
592
590
590
589
587
587
587
587
586
586
585
584
584
582
581
581
580
576
575
574
574
571
571
570
570
569
569
568
564
563
563
561
560
559
559
558
554
553
551
551
544
536
536
535
535
535
534
534
534
533
533
533
532
532
532
531
531
524
523
523
510
510
508
487
458
329
6000
6000
6000
6000
6000
6000
5515
4869
4214
4086
3766
3742
3353
3039
2990
2718
2366
2204
2182
2088
2054
1967
1950
1950
1726
1723
1700
1443
1371
1349
1219
928
898
827
816
802
801
800
799
799
799
799
798
796
796
795
795
794
793
793
793
793
791
790
790
789
788
788
788
787
786
786
785
785
781
780
780
780
780
778
778
777
776
775
775
775
773
771
771
770
770
770
769
769
768
768
767
767
766
766
766
765
764
764
764
763
763
762
762
762
761
761
761
760
760
760
760
760
759
759
759
759
758
757
756
756
756
755
755
755
753
752
752
752
752
751
751
751
751
750
749
748
748
748
747
747
747
746
744
743
742
741
741
741
740
739
739
738
738
737
737
733
732
731
729
729
728
727
725
725
724
723
721
720
719
717
716
715
712
711
710
709
709
707
707
706
705
704
704
702
700
698
697
697
696
695
692
690
688
686
686
685
685
683
683
682
681
681
681
679
679
679
672
672
672
672
669
669
669
667
667
666
665
665
665
665
665
663
662
661
661
659
659
658
657
656
655
654
654
653
652
652
652
651
650
649
648
647
647
646
645
643
643
642
642
642
640
639
638
638
636
636
636
636
636
634
634
633
633
633
632
632
632
631
631
631
631
630
630
629
629
628
628
627
627
625
625
625
624
624
623
621
621
620
619
619
619
617
616
616
615
615
614
614
613
613
613
613
612
612
612
611
609
608
608
607
607
605
604
604
604
604
603
602
602
602
602
602
601
601
601
600
599
599
597
597
597
597
596
596
593
592
590
589
588
588
588
587
587
586
584
583
582
582
581
579
579
578
578
578
575
574
571
571
571
570
570
569
567
567
567
567
567
565
563
563
562
560
557
557
551
541
537
535
535
535
535
534
534
533
533
532
531
531
530
528
525
520
518
512
511
484
479
472
471
464
449
445
440
78
6000
6000
6000
6000
6000
6000
6000
4857
4375
3637
3441
3363
3218
2900
2837
2832
2584
2541
2115
2081
2080
1937
1900
1887
1884
1750
1706
1651
1644
1597
1540
1527
1455
1285
1280
1231
1142
1103
921
897
828
802
802
800
799
799
797
796
794
794
793
793
792
791
791
791
790
790
789
789
787
787
784
784
784
783
782
780
780
779
779
778
778
777
777
776
775
775
775
773
772
772
771
771
770
770
769
769
769
768
768
767
767
766
766
764
764
763
763
763
762
762
762
762
762
762
761
761
761
761
760
760
759
759
759
758
758
758
758
758
757
756
756
754
754
753
753
753
752
752
751
751
751
751
751
750
750
750
749
748
748
748
747
747
747
747
746
746
745
745
745
743
743
743
742
741
739
739
738
738
737
737
736
731
728
728
727
727
723
723
718
715
714
712
711
710
709
709
708
708
705
705
704
703
702
702
700
699
699
697
697
696
696
696
694
692
692
690
689
689
687
686
686
686
685
683
681
680
680
676
676
675
672
670
669
669
669
668
668
667
667
667
667
665
665
663
663
661
661
660
660
659
657
656
655
654
653
650
650
650
649
649
647
647
646
645
643
642
641
641
640
640
640
639
638
638
638
636
635
634
634
633
633
632
632
632
631
631
631
630
630
630
629
629
628
628
627
627
626
624
624
623
622
622
622
621
620
619
619
618
617
617
617
617
616
616
615
615
614
613
613
613
612
612
612
612
611
610
610
610
609
609
608
608
608
607
607
606
605
604
604
604
604
602
602
601
601
598
597
597
593
593
592
591
591
590
590
590
588
588
588
587
584
583
583
583
582
582
578
576
575
574
574
574
573
572
571
571
571
570
569
568
567
566
566
565
565
564
560
559
556
551
551
549
545
542
538
536
535
535
535
535
534
534
534
533
533
532
532
514
510
493
478
475
462
443
421
369
336
273
6000
6000
6000
5677
4996
4617
3834
3594
3513
3375
3330
3205
3060
3011
2866
2365
2339
2142
2141
2109
1982
1966
1941
1875
1862
1800
1516
1431
1332
1224
1179
1110
1081
1080
1060
905
893
872
802
800
799
798
795
794
793
793
792
791
791
791
790
789
789
789
788
788
788
786
786
785
785
784
783
783
781
780
778
777
777
777
776
776
775
775
774
774
774
774
774
773
773
773
772
771
770
770
770
770
769
769
769
768
767
767
767
766
765
765
765
764
764
762
762
761
761
761
761
761
761
760
759
759
758
758
757
757
757
757
756
756
755
755
754
753
753
752
751
751
751
750
749
749
749
749
748
748
748
746
746
746
745
745
743
742
741
740
740
739
739
739
738
738
738
735
734
734
733
732
729
726
722
721
721
718
717
716
715
715
713
712
712
712
710
710
708
708
706
706
705
705
705
705
702
702
701
700
699
698
697
696
696
696
695
694
692
692
688
688
687
686
684
683
682
681
677
677
676
675
674
673
673
672
672
670
669
669
668
666
665
665
664
664
663
663
662
662
662
661
661
661
660
659
659
658
658
658
658
654
654
654
653
651
651
649
648
647
646
646
646
646
646
645
643
641
639
639
639
639
638
636
636
634
634
634
633
633
633
633
631
631
631
630
629
629
629
627
626
626
626
625
625
624
624
624
623
623
623
622
621
619
618
618
618
618
617
617
616
615
615
613
612
612
611
610
610
610
608
607
606
605
604
604
604
602
602
601
600
600
600
599
599
598
598
597
595
594
593
592
592
591
591
590
590
589
589
588
588
586
585
582
581
580
578
577
576
574
574
574
573
573
570
570
569
568
568
567
565
564
564
561
559
559
559
557
556
551
550
550
547
544
537
536
536
536
536
536
535
535
535
534
534
533
533
532
532
532
532
531
518
510
487
482
463
458
454
448
436
429
420
419
6000
6000
6000
6000
6000
5244
4898
4758
4734
4161
4023
3813
3764
3238
3124
2907
2822
2690
2640
2602
2367
2266
2156
1983
1977
1946
1658
1654
1626
1581
1442
1401
1322
1105
1104
1091
956
882
800
798
798
797
796
796
795
791
791
791
790
790
789
788
786
784
784
783
783
782
782
780
780
778
778
778
777
777
777
776
775
775
773
773
773
773
772
772
771
770
770
769
769
769
767
767
767
766
766
766
765
765
765
764
764
764
763
763
763
763
763
762
762
762
761
761
761
760
759
759
759
759
759
759
758
758
758
757
757
757
756
755
754
754
752
752
752
752
751
751
749
749
747
747
746
746
746
744
744
744
743
743
743
742
742
742
741
741
741
740
740
740
738
736
735
734
733
733
733
732
730
730
729
727
727
723
721
719
718
718
717
715
715
715
713
711
711
711
710
709
708
708
707
706
706
706
705
703
701
701
700
700
699
699
699
697
697
694
694
693
692
690
690
689
689
687
685
682
681
677
677
676
676
674
674
674
673
673
672
670
670
669
669
668
667
667
666
666
665
664
662
661
661
661
661
660
660
658
656
656
655
655
655
654
652
651
650
649
649
648
647
646
643
642
642
642
641
640
640
640
639
639
639
638
636
635
635
635
634
634
634
634
633
632
631
631
631
630
630
630
629
629
629
627
627
625
625
624
623
623
622
621
621
621
621
620
620
619
619
618
618
618
617
616
616
615
614
614
614
614
613
612
612
611
611
610
608
608
607
607
606
605
603
603
602
601
601
601
599
599
599
598
596
596
596
594
593
592
590
589
589
587
587
586
586
586
585
585
583
583
581
579
578
578
576
576
573
573
572
570
569
568
567
567
567
566
564
560
560
559
558
557
557
556
556
552
550
543
543
540
536
536
535
535
535
534
534
533
533
533
532
532
531
530
529
525
525
497
496
456
280
240
6000
6000
6000
6000
6000
5476
5343
5159
4945
4252
4000
3589
3541
3417
3387
3069
2913
2313
2179
2144
2125
2124
2105
2083
1959
1909
1859
1697
1627
1597
1415
1378
1292
1134
1016
802
802
801
801
800
800
800
798
798
797
795
795
795
794
792
792
791
789
788
788
787
786
786
785
784
784
783
783
783
781
779
779
778
778
776
776
776
776
775
774
774
774
774
773
772
772
771
771
770
769
768
767
767
767
767
766
766
765
765
764
764
764
763
763
763
763
762
761
761
761
761
761
760
760
760
760
760
759
759
758
758
757
757
757
756
755
755
753
752
752
752
752
752
751
751
751
750
748
748
747
746
745
745
745
743
743
743
742
742
742
741
741
741
740
740
737
736
736
735
735
731
730
730
729
728
728
728
726
724
723
723
722
721
718
718
717
711
709
708
706
706
706
705
704
703
703
703
702
700
699
699
699
698
698
698
697
696
694
685
684
684
681
681
680
680
679
678
677
676
676
676
674
674
673
673
672
672
671
671
671
670
669
668
668
668
668
666
666
666
664
661
660
660
660
659
658
658
656
656
655
654
653
652
652
652
651
650
650
649
649
649
649
648
647
643
642
641
640
639
639
639
637
636
635
635
635
635
634
634
632
632
631
631
631
631
630
630
630
629
629
629
628
627
627
627
627
626
625
624
624
623
622
621
618
618
618
617
617
616
615
615
615
614
614
613
612
611
611
610
608
607
606
606
606
605
604
604
603
603
601
600
600
599
598
598
597
597
597
596
596
595
593
591
591
590
589
588
586
586
584
584
582
580
580
578
578
576
575
573
573
572
571
571
569
568
568
566
566
565
565
563
561
561
560
560
559
559
558
558
556
550
548
544
543
537
536
536
536
536
535
535
535
534
534
534
534
533
533
532
532
532
532
531
531
531
529
528
520
516
515
512
511
454
442
371
6000
6000
6000
6000
6000
6000
5636
5282
4827
4426
3370
3217
2945
2625
2447
2307
2187
2062
1959
1944
1767
1612
1498
1485
1311
1222
1197
994
902
900
895
836
802
802
802
802
801
801
799
799
799
798
798
797
797
796
796
795
794
794
792
792
792
791
791
791
790
790
790
788
788
787
787
785
785
785
784
784
783
783
782
781
780
779
778
778
777
777
776
775
775
774
774
773
773
773
773
772
772
772
771
769
769
768
767
766
766
766
766
765
765
765
765
765
763
763
762
762
762
761
761
761
761
761
760
760
760
759
759
758
757
757
757
755
755
754
754
753
753
753
753
752
752
752
751
751
750
749
748
748
748
748
747
747
747
746
746
744
744
744
744
744
744
743
743
743
743
741
741
741
740
738
736
736
734
734
733
732
730
730
726
726
724
722
718
717
716
714
712
711
710
709
708
708
708
706
706
706
704
703
703
702
700
700
697
697
697
697
696
696
695
694
692
691
687
686
685
684
681
680
677
677
676
674
673
673
673
671
671
671
669
668
668
667
667
667
666
666
665
665
664
663
663
661
661
659
659
657
657
657
656
656
656
655
654
653
653
652
652
651
650
649
648
647
647
647
645
645
644
644
644
643
643
642
642
640
639
638
638
636
636
635
633
633
633
633
632
632
632
632
630
629
628
626
626
625
624
623
623
623
622
622
622
622
621
620
619
618
616
615
614
614
614
614
614
613
613
613
612
612
612
612
610
609
608
608
607
607
605
605
605
604
604
604
603
603
603
603
600
599
598
598
597
596
596
595
595
594
593
592
592
591
590
586
584
582
582
581
581
581
581
580
580
578
578
576
574
572
572
571
571
570
570
569
568
567
566
565
560
560
560
560
559
559
557
550
550
550
541
540
540
537
536
534
533
533
531
531
531
531
530
524
522
521
508
508
499
498
485
445
6000
6000
6000
6000
6000
6000
6000
5228
4556
4006
3770
3495
3348
3062
2973
2683
2682
2647
2615
2310
2135
1994
1969
1893
1835
1815
1809
1799
1723
1654
1619
1586
1499
1456
1360
1350
1337
1211
1007
968
912
902
872
866
820
811
809
802
800
799
799
798
797
796
795
794
792
792
790
790
789
789
788
788
788
788
787
785
784
784
783
783
782
781
779
779
777
776
776
776
776
775
775
775
775
774
773
773
773
773
773
773
773
771
771
770
769
769
769
768
768
767
766
764
764
764
763
762
762
762
761
761
761
761
761
760
760
760
760
760
759
759
759
758
758
757
757
756
756
756
755
755
755
754
754
752
752
752
751
751
750
750
749
747
746
746
746
745
745
744
744
742
742
740
740
739
738
738
737
737
736
736
735
734
734
730
729
729
728
726
726
726
725
724
723
723
719
718
716
716
715
715
715
715
711
710
708
708
707
705
702
701
699
699
698
697
697
696
695
695
692
691
690
689
688
688
685
682
682
679
678
677
677
676
673
672
671
671
670
670
669
668
666
665
665
664
664
663
661
661
659
658
658
657
657
657
656
656
655
653
653
652
652
651
651
651
650
649
649
649
648
647
644
642
642
642
641
640
640
640
639
639
639
638
638
638
638
638
636
634
632
631
631
630
630
629
629
629
628
627
627
624
624
623
623
622
621
621
621
620
618
618
617
617
616
615
613
613
613
612
612
610
610
610
608
608
608
607
607
607
606
605
605
604
603
602
602
601
601
600
600
598
598
597
597
596
593
593
591
591
591
588
587
586
585
585
584
583
583
583
582
582
581
581
581
580
577
577
577
575
573
573
572
571
571
569
568
567
566
563
562
562
560
560
558
557
556
551
550
549
544
539
537
536
535
535
535
535
535
535
534
534
533
533
533
533
532
531
531
530
529
529
526
525
513
510
493
437
424
379
6000
6000
6000
6000
6000
5757
4822
4753
4531
4282
4179
3838
3537
3378
3194
2918
2846
2799
1992
1929
1822
1776
1713
1568
1566
1533
1527
1509
1380
1229
1220
1092
1054
927
910
890
833
802
800
800
799
798
798
798
797
797
796
796
796
794
793
793
792
792
792
792
791
791
790
790
789
788
787
787
787
786
786
785
785
782
779
779
778
777
777
776
775
775
775
775
774
774
774
774
772
772
771
771
770
769
769
769
767
767
766
766
765
765
765
765
764
764
764
764
763
763
762
761
761
761
761
761
760
759
759
759
756
756
756
755
755
755
754
754
754
753
753
752
752
752
752
752
750
750
750
750
749
748
748
747
747
747
746
743
742
742
741
741
740
740
740
740
740
739
738
737
735
735
734
733
729
729
728
727
727
725
724
724
723
722
721
719
717
716
715
712
712
711
711
710
709
709
707
706
705
705
704
704
704
702
701
701
701
699
699
699
696
693
693
690
690
690
689
684
680
676
674
673
673
672
671
669
669
669
668
668
667
666
666
666
666
665
664
664
663
662
662
662
661
659
659
659
658
657
657
656
656
654
653
653
653
653
653
653
651
650
650
649
649
649
647
646
642
642
641
640
639
639
639
638
637
636
636
635
635
634
633
631
631
630
630
630
629
629
629
626
625
625
624
624
624
623
623
623
622
621
621
619
619
618
617
617
615
614
614
614
613
611
610
609
607
607
607
604
604
604
604
604
603
603
602
602
601
601
599
599
598
597
597
596
595
595
594
593
592
591
591
589
588
588
588
587
586
586
584
584
582
582
581
581
578
578
577
576
575
574
574
573
572
572
570
570
569
569
568
564
563
562
561
560
558
558
556
555
554
553
553
551
548
540
539
537
536
536
535
535
535
535
535
535
534
534
533
533
533
532
532
532
531
531
528
525
525
524
523
510
487
466
360
60
6000
6000
6000
6000
6000
6000
6000
6000
4898
4226
3914
3805
3190
3031
3021
2963
2946
2868
2795
2673
2348
2331
2241
2173
2117
2081
2040
1933
1446
1387
1189
1140
1118
1057
1001
966
870
835
803
802
801
799
798
798
797
797
797
796
795
795
794
793
793
792
792
791
791
790
788
788
787
786
786
784
784
784
784
781
779
779
779
779
778
778
777
777
777
776
775
775
775
774
774
774
774
773
771
770
770
769
768
768
768
768
768
767
767
767
766
766
766
765
763
763
763
762
762
762
762
762
761
761
761
760
760
760
759
758
758
758
758
757
757
757
757
756
756
756
756
755
754
754
754
753
752
752
751
751
750
749
748
748
747
747
747
746
745
745
744
743
743
743
742
742
742
742
738
738
738
738
738
738
737
737
734
732
730
730
724
720
720
720
719
718
718
718
717
717
716
715
715
714
713
712
711
708
708
706
706
706
705
705
704
704
704
703
701
701
701
700
699
691
689
687
684
683
681
678
674
674
674
673
672
669
669
668
668
667
667
667
665
663
661
659
658
658
657
656
656
656
655
654
654
654
653
652
650
649
649
648
648
648
647
647
647
646
646
646
646
644
643
642
642
641
640
639
639
639
639
638
637
636
636
635
634
634
632
631
631
629
628
628
627
626
625
624
624
622
622
622
622
621
621
621
620
620
619
619
618
618
617
617
616
616
616
615
614
613
612
612
612
611
611
609
609
609
608
608
608
605
605
604
603
602
601
601
601
599
599
599
599
598
597
595
594
594
592
592
591
590
589
588
587
587
586
586
585
585
585
584
582
581
580
580
578
577
576
575
573
573
572
572
572
571
570
569
568
568
567
567
566
566
566
564
561
559
558
557
557
556
554
553
552
547
546
545
543
539
536
536
535
535
534
532
530
529
528
528
522
521
510
510
500
481
480
476
463
441
418
376
6000
6000
6000
6000
6000
5656
5575
4957
4929
3806
3724
3700
3512
3018
2847
2667
2519
2469
2352
2277
2185
2144
1984
1934
1902
1826
1819
1680
1540
1534
1530
1436
1416
1395
1373
1272
1146
1019
996
990
990
966
815
801
800
799
799
798
798
798
797
797
795
794
793
793
793
792
792
790
789
789
788
787
787
786
784
783
782
782
781
781
777
777
777
776
776
775
775
775
775
774
774
774
773
773
773
772
770
770
769
768
767
767
764
764
764
762
762
762
762
762
762
762
762
761
761
761
761
760
760
760
760
759
759
759
758
758
758
757
757
757
757
756
756
756
755
754
754
753
753
752
751
751
751
750
750
748
748
748
747
747
746
745
745
744
743
743
743
742
740
740
740
739
739
738
736
736
736
733
733
731
729
727
725
725
725
724
724
723
723
723
722
722
721
719
719
718
714
713
712
712
711
711
710
709
707
704
703
703
703
702
700
698
697
697
696
696
696
694
694
693
691
690
687
687
686
686
686
684
682
681
680
679
677
676
676
674
673
672
671
671
670
670
670
669
668
668
666
665
665
664
664
664
664
662
661
659
658
658
658
658
658
658
656
656
655
655
652
652
652
651
649
648
648
647
646
646
646
646
645
642
641
640
638
635
634
633
633
633
633
632
632
632
631
630
629
628
628
627
627
626
625
624
624
624
624
623
623
622
621
621
621
621
618
618
617
617
617
616
616
616
615
614
614
613
613
612
612
612
612
611
610
609
608
607
606
605
605
605
604
604
603
602
601
600
600
599
596
595
593
592
592
592
592
592
592
590
588
588
587
586
586
586
585
584
582
581
580
580
578
574
573
572
572
572
571
569
568
568
568
567
565
564
563
560
560
559
558
555
551
550
546
546
543
536
536
536
535
535
534
533
533
533
533
532
532
531
531
530
525
523
519
511
490
483
479
461
348
332
6000
6000
6000
6000
6000
5265
4619
4274
3666
3227
2828
2755
2632
2508
2459
2455
2447
2444
2380
2133
1997
1931
1875
1795
1786
1644
1605
1581
1580
1507
1403
1320
1318
1308
1126
1097
1063
1056
1033
971
954
868
858
853
802
801
800
799
797
796
794
794
793
793
793
792
790
790
790
790
790
788
788
787
787
786
786
785
784
783
783
782
782
781
780
779
779
779
779
779
778
778
776
775
775
775
775
774
773
773
773
773
772
771
771
770
769
768
767
766
766
766
766
765
764
764
764
763
763
763
762
762
761
761
761
760
760
759
759
759
758
758
758
758
757
756
756
756
755
754
754
754
752
752
752
751
751
750
749
748
748
747
747
747
747
747
746
746
746
745
744
744
744
743
743
740
740
740
738
737
737
737
734
734
734
731
731
731
730
725
725
723
723
721
720
719
719
717
716
713
713
712
712
709
709
707
706
705
703
702
701
701
700
699
698
698
698
697
697
695
695
694
694
694
692
689
685
682
680
680
679
679
678
678
677
677
675
673
673
672
670
670
670
670
669
669
667
664
664
662
661
661
660
659
657
656
656
655
654
654
654
653
652
652
652
650
650
649
648
648
643
642
642
641
639
638
638
638
637
636
635
635
633
633
632
632
631
631
628
628
628
628
627
627
625
625
624
623
621
621
621
619
618
618
618
618
617
617
617
616
616
616
613
613
613
612
612
611
610
608
607
607
605
604
604
603
603
603
603
603
601
600
600
600
599
599
598
597
596
596
596
594
594
593
592
592
591
591
589
588
588
587
587
586
585
585
583
578
578
578
578
574
573
573
572
572
571
571
570
569
569
569
568
566
566
566
562
562
559
558
558
557
556
555
555
552
552
551
550
547
538
538
536
536
535
535
535
535
534
534
533
533
533
533
532
532
532
532
532
532
530
530
530
529
528
523
345
334
250
100
6000
6000
6000
4654
4618
4560
4547
4416
3943
3357
3242
2868
2807
2733
2701
2634
2551
2409
2386
2339
2287
2124
1852
1787
1711
1599
1587
1522
1479
1384
1341
1259
1222
1196
1134
1106
1062
974
955
808
799
799
798
796
796
796
795
795
795
793
792
791
791
791
790
789
788
787
787
786
786
785
784
784
784
783
781
781
781
780
780
779
779
777
777
776
776
775
774
774
773
773
773
772
772
772
771
771
771
771
771
770
770
770
769
769
768
767
767
766
765
765
765
764
764
763
762
761
761
761
761
761
760
759
759
758
757
757
757
756
755
755
755
755
755
754
753
752
752
752
752
751
751
748
748
748
747
746
746
746
745
745
745
743
743
743
743
742
741
741
740
739
738
738
737
736
735
734
733
732
732
732
731
730
728
728
727
727
725
723
723
722
719
717
717
713
713
713
712
711
710
709
709
708
708
708
707
703
702
702
701
700
699
697
697
695
695
694
690
688
688
687
686
686
685
685
682
681
679
679
679
678
678
675
674
674
673
671
671
671
671
671
670
670
670
667
667
667
666
665
663
663
661
659
657
656
656
654
653
652
652
650
649
649
649
647
645
644
644
643
640
639
639
639
639
638
637
637
637
637
635
635
634
634
633
632
632
631
631
631
631
629
629
628
628
626
626
625
625
625
623
622
622
621
621
621
621
620
620
619
618
618
618
617
617
616
616
615
615
615
614
614
614
613
612
612
612
611
609
609
608
608
607
606
604
604
603
603
602
602
601
601
599
598
597
596
595
593
593
593
592
588
588
587
585
585
584
582
582
580
579
577
575
574
574
573
573
573
572
572
572
571
570
569
567
566
565
565
565
563
562
560
560
559
559
556
556
555
555
550
550
543
542
541
540
539
537
537
536
536
536
535
535
535
534
534
533
533
532
530
526
526
523
512
511
503
477
456
310
285
6000
6000
6000
6000
6000
6000
6000
6000
6000
6000
4514
4341
3365
3269
3254
3234
3195
3126
2860
2634
2272
2255
2204
2079
1938
1783
1727
1677
1646
1613
1556
1498
1395
1359
1259
1242
1101
1091
1072
1063
1050
802
801
800
800
798
796
796
794
792
792
791
791
791
790
788
788
787
787
786
786
785
785
785
784
784
784
783
782
780
779
779
778
778
778
776
775
775
775
775
774
774
773
773
772
772
772
772
772
772
772
771
771
769
769
769
768
767
766
766
766
766
766
766
765
765
765
763
763
762
761
761
761
760
760
759
759
759
759
759
759
758
758
758
757
757
756
755
755
755
754
753
752
751
750
750
748
748
748
748
747
746
746
746
746
745
745
744
743
742
742
742
741
741
741
741
740
738
738
735
734
731
730
729
729
729
727
725
724
724
721
721
720
719
718
718
718
718
717
716
716
714
713
712
711
710
710
709
709
707
703
700
698
696
696
695
694
693
692
692
691
690
686
686
685
684
681
681
680
680
677
673
672
672
671
671
669
668
667
667
665
663
662
661
661
661
660
660
659
657
656
655
655
654
654
654
654
654
653
651
650
649
649
648
647
644
644
643
642
642
641
641
641
640
640
640
639
638
638
637
637
636
636
635
635
634
634
633
631
630
629
628
627
627
626
626
625
625
624
624
624
622
622
620
620
620
620
619
617
617
617
617
616
615
615
615
614
613
613
612
612
611
609
608
607
607
607
606
606
606
605
604
604
604
603
602
601
600
600
596
596
595
594
593
593
592
591
590
590
588
588
587
586
585
585
584
583
581
580
577
576
575
575
574
573
572
572
571
571
571
571
570
568
566
565
564
563
563
560
560
559
557
554
550
547
547
543
538
536
536
536
535
535
535
535
535
535
535
535
534
534
533
533
533
533
533
532
532
532
532
531
531
531
530
530
530
523
516
463
323
6000
6000
6000
6000
6000
4427
4213
4122
3691
3547
3281
3058
2914
2674
2557
2461
2396
2383
2253
2249
2111
2051
2031
1941
1910
1812
1766
1729
1679
1620
1598
1556
1468
1448
1428
1334
1154
1144
974
900
853
814
802
802
802
801
801
801
799
799
799
798
796
796
794
793
793
792
791
789
789
788
786
786
786
785
785
785
783
783
782
781
779
778
778
778
777
776
776
776
775
775
775
775
775
774
774
774
772
772
771
771
771
771
770
770
769
768
768
768
768
767
767
767
766
766
765
764
764
764
764
764
763
763
763
763
762
761
760
760
758
758
757
757
756
756
756
755
755
754
754
753
753
753
752
751
750
750
750
749
748
747
747
747
747
746
744
743
743
742
742
740
740
740
738
738
738
737
736
734
733
732
732
728
727
725
724
720
720
718
717
716
715
715
712
711
709
708
707
707
706
705
705
704
704
703
701
701
700
700
699
699
698
698
696
694
694
694
691
686
685
685
684
683
682
681
680
680
679
678
678
678
678
678
677
676
675
673
670
670
667
666
666
666
665
665
664
663
663
662
661
661
661
660
659
658
657
656
654
654
653
653
653
651
651
651
650
650
649
648
647
646
646
645
643
642
641
641
640
640
640
639
639
639
639
638
638
636
635
634
634
634
633
633
633
632
631
630
630
629
629
629
629
629
628
628
627
627
626
625
625
624
624
621
620
620
619
618
618
618
618
617
617
616
615
613
613
613
613
613
613
612
610
608
607
606
605
605
605
604
604
604
604
601
600
600
599
597
596
596
596
592
592
592
590
590
589
587
586
585
584
582
581
578
577
576
576
574
573
573
573
572
572
572
572
570
570
566
563
563
563
563
561
561
560
560
559
559
557
553
551
551
549
545
537
536
535
535
534
534
534
533
533
532
532
531
529
523
510
510
497
492
487
481
476
432
389
378
208
136
6000
6000
6000
6000
6000
6000
6000
4529
4441
3867
3637
3199
3096
2768
2297
2289
2145
2135
2097
1952
1896
1792
1771
1770
1678
1640
1617
1591
1531
1502
1468
1269
1148
835
814
806
802
801
800
800
799
799
797
797
796
796
794
794
794
793
791
791
791
791
791
791
790
790
787
787
785
785
784
784
784
784
783
783
783
782
782
781
779
778
777
777
776
776
776
774
774
774
773
772
772
772
771
770
769
768
768
768
767
767
766
766
765
765
765
764
764
763
763
763
763
763
763
762
762
762
762
762
762
761
761
760
760
760
760
759
757
757
757
756
756
756
755
755
755
755
755
754
753
753
752
751
751
751
751
749
747
746
746
746
745
745
744
744
744
744
743
742
741
741
741
741
740
738
738
737
737
736
736
735
734
733
733
731
728
725
723
722
721
721
720
720
719
719
718
716
716
713
713
713
713
713
712
712
708
706
705
703
703
702
702
701
701
700
700
698
698
697
697
697
695
694
693
690
690
689
689
688
687
687
684
682
682
681
681
678
675
674
674
674
671
669
667
667
666
666
666
666
665
665
664
663
662
660
659
659
656
655
654
653
653
651
651
650
650
649
649
649
648
648
647
646
645
644
644
643
643
642
639
639
638
638
637
637
636
636
634
633
633
632
632
631
630
630
629
628
627
626
626
625
625
625
624
624
624
623
623
623
622
621
620
620
618
618
618
617
616
615
615
614
613
612
612
611
610
609
609
609
608
608
607
607
607
605
605
604
603
603
602
600
599
599
598
596
596
595
595
592
590
590
589
588
588
587
587
585
583
583
582
582
581
581
580
579
579
578
578
574
573
572
572
571
570
570
569
569
567
566
565
561
559
559
559
557
555
551
549
549
545
545
536
536
536
535
535
535
534
534
534
534
533
532
532
532
531
531
531
530
529
526
524
523
508
387
381
177
6000
6000
6000
6000
6000
6000
6000
6000
6000
6000
6000
5841
5294
4860
4134
3913
3454
3291
3251
3028
2710
2450
2218
2102
2093
2055
1953
1951
1779
1630
1545
1194
1091
1089
1028
931
929
904
802
801
800
800
800
799
798
798
796
795
795
794
794
793
793
793
792
792
791
791
790
790
789
788
788
787
787
786
785
784
784
783
783
782
781
780
780
778
778
778
776
776
776
775
775
774
773
773
773
772
772
771
771
770
769
769
768
768
768
767
767
766
766
765
763
763
763
762
762
762
762
761
761
761
760
760
760
760
759
759
757
757
757
757
757
757
756
756
756
756
755
755
755
754
754
751
751
751
750
749
749
749
749
748
748
748
747
743
743
743
742
742
741
739
739
738
737
736
734
733
731
730
730
728
728
728
727
726
725
721
718
716
715
712
712
712
711
710
708
707
707
706
703
702
702
702
701
696
696
695
694
692
691
690
690
690
690
689
686
683
682
681
680
679
678
677
675
674
673
672
670
668
667
666
665
665
664
664
662
662
661
661
660
659
659
657
656
656
656
656
656
655
655
653
653
652
651
649
648
648
648
648
648
647
646
644
644
643
642
642
642
641
641
641
639
638
637
637
637
637
636
636
635
635
635
634
634
632
631
629
629
629
628
628
627
627
626
626
626
626
626
624
624
623
623
623
622
621
621
620
616
616
616
615
614
614
614
613
613
613
613
612
612
612
610
609
609
605
605
604
604
604
602
602
602
600
600
599
599
598
597
597
596
594
593
593
591
590
590
590
589
587
586
586
586
585
585
584
584
584
584
581
580
580
577
577
577
575
574
573
572
572
572
571
567
567
567
566
565
564
562
562
561
560
559
557
557
554
552
551
546
536
536
536
536
535
535
535
535
535
535
535
534
534
533
532
531
531
531
531
528
525
524
519
499
499
477
464
452
417
372
367
6000
6000
6000
6000
6000
6000
6000
6000
6000
6000
5175
4513
3580
3482
3163
2915
2787
2415
2395
2234
2222
2201
2083
1993
1956
1952
1942
1688
1569
1520
1486
1387
1185
1172
1002
965
953
907
891
860
838
820
803
801
800
800
799
799
799
798
797
797
797
797
796
795
793
793
793
793
793
792
791
791
791
787
786
786
785
785
784
784
783
783
782
782
782
780
779
778
776
776
776
775
774
774
773
773
772
772
772
772
772
771
771
771
770
770
770
769
768
767
767
767
766
765
765
764
764
764
763
762
762
762
761
761
761
761
761
760
760
759
759
759
759
759
758
757
757
755
755
755
754
753
753
753
753
753
752
751
751
750
749
749
748
747
747
747
746
746
744
744
743
743
742
741
739
738
736
735
733
733
730
730
730
730
727
727
726
724
721
721
718
718
717
716
716
716
715
711
708
708
707
706
705
704
702
700
700
699
698
698
696
693
693
692
691
691
689
688
687
687
685
685
685
684
682
680
679
679
676
675
674
674
674
673
672
672
670
669
669
666
665
664
662
661
661
660
660
659
659
658
658
658
656
656
655
655
654
654
653
652
652
651
651
651
650
650
649
649
649
648
647
645
645
644
643
642
641
640
639
638
635
635
634
634
634
633
632
631
631
630
629
629
629
628
628
627
627
627
626
626
625
625
624
623
623
623
622
622
622
621
619
619
619
618
616
616
616
615
613
613
612
612
612
612
612
608
607
607
607
607
606
605
604
603
603
602
601
601
599
598
598
597
596
595
595
594
592
591
591
589
589
586
586
585
582
582
582
579
577
575
574
574
573
573
571
571
571
570
570
569
566
566
564
564
563
560
560
560
559
559
558
557
556
556
551
545
540
539
538
537
536
535
535
535
534
534
534
534
533
532
532
532
532
532
531
530
528
510
505
491
486
475
472
437
435
411
324
266
6000
6000
6000
6000
6000
6000
6000
5918
4917
3666
3435
3200
3152
3095
2897
2654
2642
2623
2505
2470
2113
2060
2008
1913
1893
1865
1802
1779
1774
1596
1547
1457
1359
1094
1022
993
981
869
854
812
801
800
800
800
797
797
797
796
796
796
794
794
794
793
793
792
792
792
792
791
790
789
788
788
787
786
785
785
784
783
783
783
783
783
782
782
782
782
782
781
780
779
779
779
778
777
777
776
775
774
774
774
773
773
773
771
770
770
769
769
769
769
768
767
767
767
765
764
764
764
763
762
762
762
762
762
761
760
760
759
759
759
759
758
758
758
757
757
757
757
756
756
756
755
755
755
753
753
752
751
751
750
750
750
750
748
747
747
747
747
746
745
745
744
743
743
742
741
741
739
739
739
737
736
736
732
729
727
727
727
726
726
725
724
721
721
720
720
719
717
716
713
711
710
708
707
707
706
705
705
705
704
703
702
701
701
699
699
699
698
697
696
695
692
692
684
683
680
677
672
671
671
671
670
668
666
666
666
664
663
663
662
662
661
660
660
659
657
657
656
655
655
654
654
654
652
652
650
650
649
647
646
645
645
643
642
642
642
642
641
641
639
638
637
636
635
634
634
634
634
633
633
633
632
632
632
631
631
631
631
630
630
630
629
629
629
627
627
626
626
625
625
625
625
623
622
621
620
619
619
618
618
617
617
616
616
614
612
612
611
610
609
609
609
608
607
607
607
607
607
606
605
605
605
604
604
603
602
602
601
600
600
600
600
599
599
599
599
598
597
596
595
593
593
593
592
592
592
589
589
588
586
586
586
584
584
583
582
580
579
574
573
573
572
572
572
571
570
570
569
569
569
568
567
566
566
563
560
559
559
551
550
546
536
536
536
536
536
536
535
534
533
533
533
532
531
530
530
529
528
524
498
496
486
476
475
473
411
341
227
6000
6000
6000
6000
5551
5362
4330
3335
3059
3043
2873
2675
2623
2529
2478
2467
2459
2188
1944
1925
1866
1811
1773
1589
1550
1431
1341
1255
1224
1206
1204
1173
1141
1137
1080
998
927
848
841
802
802
801
800
797
796
795
793
792
792
791
790
790
789
788
788
788
787
786
785
785
784
783
782
782
781
780
780
779
779
779
779
778
778
778
775
775
775
775
774
774
774
773
773
773
773
772
772
771
770
770
769
769
768
767
767
765
765
764
764
762
761
761
761
761
761
761
761
761
760
760
759
759
759
758
758
758
758
757
757
757
757
756
756
756
756
754
752
751
751
750
749
749
749
749
748
748
748
748
748
748
746
744
743
742
742
742
742
742
742
741
738
738
737
734
732
732
732
729
728
728
728
727
727
727
724
724
724
721
720
719
715
713
710
709
708
708
708
707
706
705
704
703
701
700
699
699
698
698
698
697
697
695
694
691
690
689
689
689
689
688
685
685
684
684
684
683
682
681
680
679
678
678
678
677
677
674
673
672
672
672
671
671
670
670
669
668
666
666
666
665
663
662
662
662
662
661
661
660
660
656
655
654
653
653
652
652
652
651
650
647
647
646
645
644
643
642
641
640
639
639
637
637
636
636
633
633
632
631
630
630
630
630
629
628
628
628
628
627
626
626
626
625
624
623
623
623
623
622
622
621
620
619
618
618
618
617
617
617
616
616
616
614
614
614
613
612
612
611
610
609
609
608
607
607
606
606
605
605
605
605
605
603
603
603
602
601
601
601
598
595
595
594
594
593
591
591
591
589
588
587
587
587
584
582
582
580
580
579
579
579
578
576
574
572
572
571
571
570
569
567
566
565
565
564
562
560
559
558
554
551
547
543
539
536
536
536
535
535
535
535
535
534
533
533
533
532
532
531
531
531
531
531
531
529
529
528
492
479
441
341
6000
6000
6000
6000
6000
6000
6000
6000
6000
6000
5726
3635
3468
2254
2175
2125
2092
2062
1869
1854
1720
1590
1490
1314
1285
1200
1169
1121
1088
1059
993
864
845
816
802
801
801
800
799
799
797
797
796
795
793
792
792
792
792
791
790
790
789
787
787
786
785
785
784
783
783
782
782
781
780
780
779
779
779
778
778
777
776
776
775
775
775
775
775
774
774
774
773
773
772
772
772
771
771
769
768
768
767
767
767
766
766
766
766
765
765
765
764
763
763
763
762
762
762
762
761
761
761
760
760
758
757
757
756
756
755
755
755
755
755
755
754
754
754
753
753
753
752
752
752
751
751
750
750
750
749
749
748
746
746
745
744
744
744
743
743
742
741
741
740
740
738
738
738
738
736
735
733
731
730
730
729
725
723
722
721
721
721
718
717
717
717
717
716
716
715
715
713
712
712
706
703
701
700
700
700
699
699
699
697
696
693
691
691
691
690
689
686
685
685
684
684
682
680
677
676
676
676
675
674
673
672
671
671
671
671
671
670
667
666
666
666
664
664
664
664
663
663
662
659
659
658
657
657
657
657
655
655
655
655
654
654
653
651
650
649
647
647
646
644
643
641
640
639
638
637
636
636
635
635
634
634
633
633
632
632
631
631
631
630
629
629
628
628
628
627
626
626
624
624
623
623
622
621
621
621
620
620
620
619
619
618
617
616
616
615
612
612
611
610
610
610
609
608
607
606
606
606
605
603
603
602
602
601
601
601
600
600
600
599
599
598
598
598
598
597
595
592
592
592
590
590
589
587
587
587
587
586
586
585
584
584
582
581
581
580
576
575
574
574
571
571
570
570
569
569
568
564
563
563
561
560
559
559
558
554
553
551
551
544
536
536
535
535
535
534
534
534
533
533
533
532
532
532
531
531
524
523
523
510
510
508
487
458
329
6000
6000
6000
6000
6000
6000
5515
4869
4214
4086
3766
3742
3353
3039
2990
2718
2366
2204
2182
2088
2054
1967
1950
1950
1726
1723
1700
1443
1371
1349
1219
928
898
827
816
802
801
800
799
799
799
799
798
796
796
795
795
794
793
793
793
793
791
790
790
789
788
788
788
787
786
786
785
785
781
780
780
780
780
778
778
777
776
775
775
775
773
771
771
770
770
770
769
769
768
768
767
767
766
766
766
765
764
764
764
763
763
762
762
762
761
761
761
760
760
760
760
760
759
759
759
759
758
757
756
756
756
755
755
755
753
752
752
752
752
751
751
751
751
750
749
748
748
748
747
747
747
746
744
743
742
741
741
741
740
739
739
738
738
737
737
733
732
731
729
729
728
727
725
725
724
723
721
720
719
717
716
715
712
711
710
709
709
707
707
706
705
704
704
702
700
698
697
697
696
695
692
690
688
686
686
685
685
683
683
682
681
681
681
679
679
679
672
672
672
672
669
669
669
667
667
666
665
665
665
665
665
663
662
661
661
659
659
658
657
656
655
654
654
653
652
652
652
651
650
649
648
647
647
646
645
643
643
642
642
642
640
639
638
638
636
636
636
636
636
634
634
633
633
633
632
632
632
631
631
631
631
630
630
629
629
628
628
627
627
625
625
625
624
624
623
621
621
620
619
619
619
617
616
616
615
615
614
614
613
613
613
613
612
612
612
611
609
608
608
607
607
605
604
604
604
604
603
602
602
602
602
602
601
601
601
600
599
599
597
597
597
597
596
596
593
592
590
589
588
588
588
587
587
586
584
583
582
582
581
579
579
578
578
578
575
574
571
571
571
570
570
569
567
567
567
567
567
565
563
563
562
560
557
557
551
541
537
535
535
535
535
534
534
533
533
532
531
531
530
528
525
520
518
512
511
484
479
472
471
464
449
445
440
78
6000
6000
6000
6000
6000
6000
6000
4857
4375
3637
3441
3363
3218
2900
2837
2832
2584
2541
2115
2081
2080
1937
1900
1887
1884
1750
1706
1651
1644
1597
1540
1527
1455
1285
1280
1231
1142
1103
921
897
828
802
802
800
799
799
797
796
794
794
793
793
792
791
791
791
790
790
789
789
787
787
784
784
784
783
782
780
780
779
779
778
778
777
777
776
775
775
775
773
772
772
771
771
770
770
769
769
769
768
768
767
767
766
766
764
764
763
763
763
762
762
762
762
762
762
761
761
761
761
760
760
759
759
759
758
758
758
758
758
757
756
756
754
754
753
753
753
752
752
751
751
751
751
751
750
750
750
749
748
748
748
747
747
747
747
746
746
745
745
745
743
743
743
742
741
739
739
738
738
737
737
736
731
728
728
727
727
723
723
718
715
714
712
711
710
709
709
708
708
705
705
704
703
702
702
700
699
699
697
697
696
696
696
694
692
692
690
689
689
687
686
686
686
685
683
681
680
680
676
676
675
672
670
669
669
669
668
668
667
667
667
667
665
665
663
663
661
661
660
660
659
657
656
655
654
653
650
650
650
649
649
647
647
646
645
643
642
641
641
640
640
640
639
638
638
638
636
635
634
634
633
633
632
632
632
631
631
631
630
630
630
629
629
628
628
627
627
626
624
624
623
622
622
622
621
620
619
619
618
617
617
617
617
616
616
615
615
614
613
613
613
612
612
612
612
611
610
610
610
609
609
608
608
608
607
607
606
605
604
604
604
604
602
602
601
601
598
597
597
593
593
592
591
591
590
590
590
588
588
588
587
584
583
583
583
582
582
578
576
575
574
574
574
573
572
571
571
571
570
569
568
567
566
566
565
565
564
560
559
556
551
551
549
545
542
538
536
535
535
535
535
534
534
534
533
533
532
532
514
510
493
478
475
462
443
421
369
336
273
6000
6000
6000
5677
4996
4617
3834
3594
3513
3375
3330
3205
3060
3011
2866
2365
2339
2142
2141
2109
1982
1966
1941
1875
1862
1800
1516
1431
1332
1224
1179
1110
1081
1080
1060
905
893
872
802
800
799
798
795
794
793
793
792
791
791
791
790
789
789
789
788
788
788
786
786
785
785
784
783
783
781
780
778
777
777
777
776
776
775
775
774
774
774
774
774
773
773
773
772
771
770
770
770
770
769
769
769
768
767
767
767
766
765
765
765
764
764
762
762
761
761
761
761
761
761
760
759
759
758
758
757
757
757
757
756
756
755
755
754
753
753
752
751
751
751
750
749
749
749
749
748
748
748
746
746
746
745
745
743
742
741
740
740
739
739
739
738
738
738
735
734
734
733
732
729
726
722
721
721
718
717
716
715
715
713
712
712
712
710
710
708
708
706
706
705
705
705
705
702
702
701
700
699
698
697
696
696
696
695
694
692
692
688
688
687
686
684
683
682
681
677
677
676
675
674
673
673
672
672
670
669
669
668
666
665
665
664
664
663
663
662
662
662
661
661
661
660
659
659
658
658
658
658
654
654
654
653
651
651
649
648
647
646
646
646
646
646
645
643
641
639
639
639
639
638
636
636
634
634
634
633
633
633
633
631
631
631
630
629
629
629
627
626
626
626
625
625
624
624
624
623
623
623
622
621
619
618
618
618
618
617
617
616
615
615
613
612
612
611
610
610
610
608
607
606
605
604
604
604
602
602
601
600
600
600
599
599
598
598
597
595
594
593
592
592
591
591
590
590
589
589
588
588
586
585
582
581
580
578
577
576
574
574
574
573
573
570
570
569
568
568
567
565
564
564
561
559
559
559
557
556
551
550
550
547
544
537
536
536
536
536
536
535
535
535
534
534
533
533
532
532
532
532
531
518
510
487
482
463
458
454
448
436
429
420
419
6000
6000
6000
6000
6000
5244
4898
4758
4734
4161
4023
3813
3764
3238
3124
2907
2822
2690
2640
2602
2367
2266
2156
1983
1977
1946
1658
1654
1626
1581
1442
1401
1322
1105
1104
1091
956
882
800
798
798
797
796
796
795
791
791
791
790
790
789
788
786
784
784
783
783
782
782
780
780
778
778
778
777
777
777
776
775
775
773
773
773
773
772
772
771
770
770
769
769
769
767
767
767
766
766
766
765
765
765
764
764
764
763
763
763
763
763
762
762
762
761
761
761
760
759
759
759
759
759
759
758
758
758
757
757
757
756
755
754
754
752
752
752
752
751
751
749
749
747
747
746
746
746
744
744
744
743
743
743
742
742
742
741
741
741
740
740
740
738
736
735
734
733
733
733
732
730
730
729
727
727
723
721
719
718
718
717
715
715
715
713
711
711
711
710
709
708
708
707
706
706
706
705
703
701
701
700
700
699
699
699
697
697
694
694
693
692
690
690
689
689
687
685
682
681
677
677
676
676
674
674
674
673
673
672
670
670
669
669
668
667
667
666
666
665
664
662
661
661
661
661
660
660
658
656
656
655
655
655
654
652
651
650
649
649
648
647
646
643
642
642
642
641
640
640
640
639
639
639
638
636
635
635
635
634
634
634
634
633
632
631
631
631
630
630
630
629
629
629
627
627
625
625
624
623
623
622
621
621
621
621
620
620
619
619
618
618
618
617
616
616
615
614
614
614
614
613
612
612
611
611
610
608
608
607
607
606
605
603
603
602
601
601
601
599
599
599
598
596
596
596
594
593
592
590
589
589
587
587
586
586
586
585
585
583
583
581
579
578
578
576
576
573
573
572
570
569
568
567
567
567
566
564
560
560
559
558
557
557
556
556
552
550
543
543
540
536
536
535
535
535
534
534
533
533
533
532
532
531
530
529
525
525
497
496
456
280
240
6000
6000
6000
6000
6000
5476
5343
5159
4945
4252
4000
3589
3541
3417
3387
3069
2913
2313
2179
2144
2125
2124
2105
2083
1959
1909
1859
1697
1627
1597
1415
1378
1292
1134
1016
802
802
801
801
800
800
800
798
798
797
795
795
795
794
792
792
791
789
788
788
787
786
786
785
784
784
783
783
783
781
779
779
778
778
776
776
776
776
775
774
774
774
774
773
772
772
771
771
770
769
768
767
767
767
767
766
766
765
765
764
764
764
763
763
763
763
762
761
761
761
761
761
760
760
760
760
760
759
759
758
758
757
757
757
756
755
755
753
752
752
752
752
752
751
751
751
750
748
748
747
746
745
745
745
743
743
743
742
742
742
741
741
741
740
740
737
736
736
735
735
731
730
730
729
728
728
728
726
724
723
723
722
721
718
718
717
711
709
708
706
706
706
705
704
703
703
703
702
700
699
699
699
698
698
698
697
696
694
685
684
684
681
681
680
680
679
678
677
676
676
676
674
674
673
673
672
672
671
671
671
670
669
668
668
668
668
666
666
666
664
661
660
660
660
659
658
658
656
656
655
654
653
652
652
652
651
650
650
649
649
649
649
648
647
643
642
641
640
639
639
639
637
636
635
635
635
635
634
634
632
632
631
631
631
631
630
630
630
629
629
629
628
627
627
627
627
626
625
624
624
623
622
621
618
618
618
617
617
616
615
615
615
614
614
613
612
611
611
610
608
607
606
606
606
605
604
604
603
603
601
600
600
599
598
598
597
597
597
596
596
595
593
591
591
590
589
588
586
586
584
584
582
580
580
578
578
576
575
573
573
572
571
571
569
568
568
566
566
565
565
563
561
561
560
560
559
559
558
558
556
550
548
544
543
537
536
536
536
536
535
535
535
534
534
534
534
533
533
532
532
532
532
531
531
531
529
528
520
516
515
512
511
454
442
371
6000
6000
6000
6000
6000
6000
5636
5282
4827
4426
3370
3217
2945
2625
2447
2307
2187
2062
1959
1944
1767
1612
1498
1485
1311
1222
1197
994
902
900
895
836
802
802
802
802
801
801
799
799
799
798
798
797
797
796
796
795
794
794
792
792
792
791
791
791
790
790
790
788
788
787
787
785
785
785
784
784
783
783
782
781
780
779
778
778
777
777
776
775
775
774
774
773
773
773
773
772
772
772
771
769
769
768
767
766
766
766
766
765
765
765
765
765
763
763
762
762
762
761
761
761
761
761
760
760
760
759
759
758
757
757
757
755
755
754
754
753
753
753
753
752
752
752
751
751
750
749
748
748
748
748
747
747
747
746
746
744
744
744
744
744
744
743
743
743
743
741
741
741
740
738
736
736
734
734
733
732
730
730
726
726
724
722
718
717
716
714
712
711
710
709
708
708
708
706
706
706
704
703
703
702
700
700
697
697
697
697
696
696
695
694
692
691
687
686
685
684
681
680
677
677
676
674
673
673
673
671
671
671
669
668
668
667
667
667
666
666
665
665
664
663
663
661
661
659
659
657
657
657
656
656
656
655
654
653
653
652
652
651
650
649
648
647
647
647
645
645
644
644
644
643
643
642
642
640
639
638
638
636
636
635
633
633
633
633
632
632
632
632
630
629
628
626
626
625
624
623
623
623
622
622
622
622
621
620
619
618
616
615
614
614
614
614
614
613
613
613
612
612
612
612
610
609
608
608
607
607
605
605
605
604
604
604
603
603
603
603
600
599
598
598
597
596
596
595
595
594
593
592
592
591
590
586
584
582
582
581
581
581
581
580
580
578
578
576
574
572
572
571
571
570
570
569
568
567
566
565
560
560
560
560
559
559
557
550
550
550
541
540
540
537
536
534
533
533
531
531
531
531
530
524
522
521
508
508
499
498
485
445
6000
6000
6000
6000
6000
6000
6000
5228
4556
4006
3770
3495
3348
3062
2973
2683
2682
2647
2615
2310
2135
1994
1969
1893
1835
1815
1809
1799
1723
1654
1619
1586
1499
1456
1360
1350
1337
1211
1007
968
912
902
872
866
820
811
809
802
800
799
799
798
797
796
795
794
792
792
790
790
789
789
788
788
788
788
787
785
784
784
783
783
782
781
779
779
777
776
776
776
776
775
775
775
775
774
773
773
773
773
773
773
773
771
771
770
769
769
769
768
768
767
766
764
764
764
763
762
762
762
761
761
761
761
761
760
760
760
760
760
759
759
759
758
758
757
757
756
756
756
755
755
755
754
754
752
752
752
751
751
750
750
749
747
746
746
746
745
745
744
744
742
742
740
740
739
738
738
737
737
736
736
735
734
734
730
729
729
728
726
726
726
725
724
723
723
719
718
716
716
715
715
715
715
711
710
708
708
707
705
702
701
699
699
698
697
697
696
695
695
692
691
690
689
688
688
685
682
682
679
678
677
677
676
673
672
671
671
670
670
669
668
666
665
665
664
664
663
661
661
659
658
658
657
657
657
656
656
655
653
653
652
652
651
651
651
650
649
649
649
648
647
644
642
642
642
641
640
640
640
639
639
639
638
638
638
638
638
636
634
632
631
631
630
630
629
629
629
628
627
627
624
624
623
623
622
621
621
621
620
618
618
617
617
616
615
613
613
613
612
612
610
610
610
608
608
608
607
607
607
606
605
605
604
603
602
602
601
601
600
600
598
598
597
597
596
593
593
591
591
591
588
587
586
585
585
584
583
583
583
582
582
581
581
581
580
577
577
577
575
573
573
572
571
571
569
568
567
566
563
562
562
560
560
558
557
556
551
550
549
544
539
537
536
535
535
535
535
535
535
534
534
533
533
533
533
532
531
531
530
529
529
526
525
513
510
493
437
424
379
6000
6000
6000
6000
6000
5757
4822
4753
4531
4282
4179
3838
3537
3378
3194
2918
2846
2799
1992
1929
1822
1776
1713
1568
1566
1533
1527
1509
1380
1229
1220
1092
1054
927
910
890
833
802
800
800
799
798
798
798
797
797
796
796
796
794
793
793
792
792
792
792
791
791
790
790
789
788
787
787
787
786
786
785
785
782
779
779
778
777
777
776
775
775
775
775
774
774
774
774
772
772
771
771
770
769
769
769
767
767
766
766
765
765
765
765
764
764
764
764
763
763
762
761
761
761
761
761
760
759
759
759
756
756
756
755
755
755
754
754
754
753
753
752
752
752
752
752
750
750
750
750
749
748
748
747
747
747
746
743
742
742
741
741
740
740
740
740
740
739
738
737
735
735
734
733
729
729
728
727
727
725
724
724
723
722
721
719
717
716
715
712
712
711
711
710
709
709
707
706
705
705
704
704
704
702
701
701
701
699
699
699
696
693
693
690
690
690
689
684
680
676
674
673
673
672
671
669
669
669
668
668
667
666
666
666
666
665
664
664
663
662
662
662
661
659
659
659
658
657
657
656
656
654
653
653
653
653
653
653
651
650
650
649
649
649
647
646
642
642
641
640
639
639
639
638
637
636
636
635
635
634
633
631
631
630
630
630
629
629
629
626
625
625
624
624
624
623
623
623
622
621
621
619
619
618
617
617
615
614
614
614
613
611
610
609
607
607
607
604
604
604
604
604
603
603
602
602
601
601
599
599
598
597
597
596
595
595
594
593
592
591
591
589
588
588
588
587
586
586
584
584
582
582
581
581
578
578
577
576
575
574
574
573
572
572
570
570
569
569
568
564
563
562
561
560
558
558
556
555
554
553
553
551
548
540
539
537
536
536
535
535
535
535
535
535
534
534
533
533
533
532
532
532
531
531
528
525
525
524
523
510
487
466
360
60
6000
6000
6000
6000
6000
6000
6000
6000
4898
4226
3914
3805
3190
3031
3021
2963
2946
2868
2795
2673
2348
2331
2241
2173
2117
2081
2040
1933
1446
1387
1189
1140
1118
1057
1001
966
870
835
803
802
801
799
798
798
797
797
797
796
795
795
794
793
793
792
792
791
791
790
788
788
787
786
786
784
784
784
784
781
779
779
779
779
778
778
777
777
777
776
775
775
775
774
774
774
774
773
771
770
770
769
768
768
768
768
768
767
767
767
766
766
766
765
763
763
763
762
762
762
762
762
761
761
761
760
760
760
759
758
758
758
758
757
757
757
757
756
756
756
756
755
754
754
754
753
752
752
751
751
750
749
748
748
747
747
747
746
745
745
744
743
743
743
742
742
742
742
738
738
738
738
738
738
737
737
734
732
730
730
724
720
720
720
719
718
718
718
717
717
716
715
715
714
713
712
711
708
708
706
706
706
705
705
704
704
704
703
701
701
701
700
699
691
689
687
684
683
681
678
674
674
674
673
672
669
669
668
668
667
667
667
665
663
661
659
658
658
657
656
656
656
655
654
654
654
653
652
650
649
649
648
648
648
647
647
647
646
646
646
646
644
643
642
642
641
640
639
639
639
639
638
637
636
636
635
634
634
632
631
631
629
628
628
627
626
625
624
624
622
622
622
622
621
621
621
620
620
619
619
618
618
617
617
616
616
616
615
614
613
612
612
612
611
611
609
609
609
608
608
608
605
605
604
603
602
601
601
601
599
599
599
599
598
597
595
594
594
592
592
591
590
589
588
587
587
586
586
585
585
585
584
582
581
580
580
578
577
576
575
573
573
572
572
572
571
570
569
568
568
567
567
566
566
566
564
561
559
558
557
557
556
554
553
552
547
546
545
543
539
536
536
535
535
534
532
530
529
528
528
522
521
510
510
500
481
480
476
463
441
418
376
6000
6000
6000
6000
6000
5656
5575
4957
4929
3806
3724
3700
3512
3018
2847
2667
2519
2469
2352
2277
2185
2144
1984
1934
1902
1826
1819
1680
1540
1534
1530
1436
1416
1395
1373
1272
1146
1019
996
990
990
966
815
801
800
799
799
798
798
798
797
797
795
794
793
793
793
792
792
790
789
789
788
787
787
786
784
783
782
782
781
781
777
777
777
776
776
775
775
775
775
774
774
774
773
773
773
772
770
770
769
768
767
767
764
764
764
762
762
762
762
762
762
762
762
761
761
761
761
760
760
760
760
759
759
759
758
758
758
757
757
757
757
756
756
756
755
754
754
753
753
752
751
751
751
750
750
748
748
748
747
747
746
745
745
744
743
743
743
742
740
740
740
739
739
738
736
736
736
733
733
731
729
727
725
725
725
724
724
723
723
723
722
722
721
719
719
718
714
713
712
712
711
711
710
709
707
704
703
703
703
702
700
698
697
697
696
696
696
694
694
693
691
690
687
687
686
686
686
684
682
681
680
679
677
676
676
674
673
672
671
671
670
670
670
669
668
668
666
665
665
664
664
664
664
662
661
659
658
658
658
658
658
658
656
656
655
655
652
652
652
651
649
648
648
647
646
646
646
646
645
642
641
640
638
635
634
633
633
633
633
632
632
632
631
630
629
628
628
627
627
626
625
624
624
624
624
623
623
622
621
621
621
621
618
618
617
617
617
616
616
616
615
614
614
613
613
612
612
612
612
611
610
609
608
607
606
605
605
605
604
604
603
602
601
600
600
599
596
595
593
592
592
592
592
592
592
590
588
588
587
586
586
586
585
584
582
581
580
580
578
574
573
572
572
572
571
569
568
568
568
567
565
564
563
560
560
559
558
555
551
550
546
546
543
536
536
536
535
535
534
533
533
533
533
532
532
531
531
530
525
523
519
511
490
483
479
461
348
332
6000
6000
6000
6000
6000
5265
4619
4274
3666
3227
2828
2755
2632
2508
2459
2455
2447
2444
2380
2133
1997
1931
1875
1795
1786
1644
1605
1581
1580
1507
1403
1320
1318
1308
1126
1097
1063
1056
1033
971
954
868
858
853
802
801
800
799
797
796
794
794
793
793
793
792
790
790
790
790
790
788
788
787
787
786
786
785
784
783
783
782
782
781
780
779
779
779
779
779
778
778
776
775
775
775
775
774
773
773
773
773
772
771
771
770
769
768
767
766
766
766
766
765
764
764
764
763
763
763
762
762
761
761
761
760
760
759
759
759
758
758
758
758
757
756
756
756
755
754
754
754
752
752
752
751
751
750
749
748
748
747
747
747
747
747
746
746
746
745
744
744
744
743
743
740
740
740
738
737
737
737
734
734
734
731
731
731
730
725
725
723
723
721
720
719
719
717
716
713
713
712
712
709
709
707
706
705
703
702
701
701
700
699
698
698
698
697
697
695
695
694
694
694
692
689
685
682
680
680
679
679
678
678
677
677
675
673
673
672
670
670
670
670
669
669
667
664
664
662
661
661
660
659
657
656
656
655
654
654
654
653
652
652
652
650
650
649
648
648
643
642
642
641
639
638
638
638
637
636
635
635
633
633
632
632
631
631
628
628
628
628
627
627
625
625
624
623
621
621
621
619
618
618
618
618
617
617
617
616
616
616
613
613
613
612
612
611
610
608
607
607
605
604
604
603
603
603
603
603
601
600
600
600
599
599
598
597
596
596
596
594
594
593
592
592
591
591
589
588
588
587
587
586
585
585
583
578
578
578
578
574
573
573
572
572
571
571
570
569
569
569
568
566
566
566
562
562
559
558
558
557
556
555
555
552
552
551
550
547
538
538
536
536
535
535
535
535
534
534
533
533
533
533
532
532
532
532
532
532
530
530
530
529
528
523
345
334
250
100
