3666
3460
3229
3186
3143
3027
2983
2960
2855
2803
2795
2792
2781
2763
2748
2733
2590
2504
2259
2238
2026
2005
1971
1776
1775
1749
1657
1630
1587
1586
1516
1512
1452
1371
1334
1316
1248
1195
1156
1140
1123
1112
1084
1039
1028
967
923
891
874
812
800
800
800
800
798
795
794
794
794
793
793
792
790
790
790
789
789
788
788
788
786
786
786
786
784
784
783
783
781
781
780
779
779
778
778
777
777
776
776
775
774
773
773
771
770
769
768
768
767
767
765
764
764
763
762
762
762
762
762
760
760
760
760
759
759
758
757
757
757
757
756
755
755
754
754
754
754
753
752
752
751
750
750
749
749
749
749
749
749
748
747
747
747
746
745
745
744
744
743
741
741
740
740
739
738
738
737
736
734
734
733
731
731
728
728
726
725
724
722
722
720
719
717
716
716
715
714
714
710
709
708
706
705
704
703
702
702
700
700
698
698
698
697
697
697
693
693
693
691
691
691
690
688
688
685
684
684
684
684
682
681
681
681
681
681
678
677
675
675
673
672
670
668
668
666
664
663
662
662
660
656
654
653
648
648
648
647
646
646
646
646
645
644
642
642
641
641
641
639
638
637
636
635
635
634
634
633
631
631
630
630
628
628
628
626
626
625
624
624
623
623
623
622
621
620
619
619
618
618
618
617
617
616
616
616
615
614
613
613
611
609
608
608
607
606
606
605
605
604
604
603
601
601
601
601
600
599
599
599
598
598
598
597
596
595
594
594
593
593
592
592
592
591
590
590
588
587
587
587
586
586
586
585
584
583
583
582
582
582
581
581
581
580
580
579
579
578
578
578
577
575
574
574
574
573
572
571
571
568
566
564
563
561
561
560
559
558
551
550
545
544
539
536
536
536
535
535
534
534
534
533
532
532
531
530
529
529
527
521
510
510
507
504
463
437
414
398
397
335
180
3909
3614
3602
3536
3379
3280
3254
3230
3225
3149
2532
2502
2406
2376
2312
2293
2258
2159
2064
2041
1968
1965
1927
1813
1719
1659
1626
1612
1516
1482
1408
1366
1363
1079
1049
915
866
859
835
831
810
802
799
798
798
798
798
797
796
795
795
794
794
793
792
789
789
788
788
788
788
786
783
783
782
782
781
781
780
779
779
778
778
777
776
776
776
776
775
773
772
771
771
770
770
770
769
769
769
769
768
767
767
767
765
765
764
764
762
762
761
761
761
760
759
759
757
757
757
757
756
756
756
755
755
755
755
755
754
753
753
753
752
752
752
751
750
750
750
749
749
748
748
747
746
746
745
745
745
745
744
743
743
742
741
741
741
740
740
739
738
737
736
736
735
734
733
732
731
730
729
726
723
719
716
716
716
715
715
715
714
714
713
712
711
711
711
706
706
706
706
704
704
702
700
698
697
697
697
697
697
695
693
693
690
687
685
684
683
683
683
683
683
682
681
680
679
678
678
675
674
673
671
668
666
665
665
663
661
658
657
656
655
652
652
651
650
648
647
647
646
643
642
642
641
641
641
638
636
636
636
636
636
636
634
634
633
633
632
632
632
632
631
631
631
631
630
629
628
628
627
627
627
626
624
623
622
622
622
622
622
620
620
619
619
619
618
617
617
617
616
616
615
615
615
615
614
614
614
614
613
612
612
611
611
611
610
610
609
608
608
608
606
604
603
602
602
601
601
600
600
599
599
599
598
598
597
596
596
596
596
595
595
595
595
594
594
593
591
591
591
590
588
588
588
588
587
587
586
585
585
585
584
584
583
582
582
582
581
581
578
576
575
574
573
573
573
572
571
571
571
570
569
568
567
566
566
565
563
562
561
560
560
555
549
536
536
536
535
535
534
534
533
533
533
532
532
531
531
530
526
522
510
510
508
495
462
458
456
447
4330
4299
4164
4149
4132
4110
3222
3176
3089
3035
2549
2524
2425
2312
2121
2061
1969
1967
1949
1919
1863
1704
1457
1454
1394
1385
1340
1328
1326
1216
1210
1133
1130
1080
889
838
822
821
814
802
802
801
801
798
797
795
792
792
790
790
790
787
787
787
785
785
785
784
784
784
784
783
783
783
782
782
781
781
781
781
780
779
779
778
776
775
773
773
773
773
772
771
771
770
770
770
770
769
769
768
768
767
766
765
765
764
764
763
763
762
761
760
760
760
760
759
759
758
758
757
757
756
755
755
754
754
754
754
753
753
753
753
752
751
751
750
750
749
749
749
749
747
746
746
745
744
744
743
743
743
742
741
741
741
741
740
739
738
738
737
733
732
730
728
728
728
726
726
724
723
722
721
721
719
719
714
713
713
713
713
713
711
710
707
707
706
706
706
705
705
703
700
698
698
696
694
693
693
692
691
691
690
690
688
686
684
682
682
681
681
680
675
675
674
673
672
672
672
671
668
668
667
662
661
658
657
656
655
654
654
654
654
650
648
648
647
646
646
646
645
645
645
645
643
643
642
639
638
638
637
637
636
635
634
634
633
630
630
629
628
628
628
627
627
626
625
625
624
624
624
624
622
621
621
621
621
620
620
619
619
618
618
617
617
617
615
615
615
614
614
613
612
612
611
611
611
608
607
606
606
604
603
603
602
601
601
599
599
599
598
598
598
598
597
597
596
595
594
593
593
591
590
590
590
589
589
589
589
589
588
587
586
586
585
585
584
583
583
583
583
581
581
581
579
578
578
577
577
576
575
575
575
574
574
573
572
572
570
569
568
567
567
567
564
564
563
558
557
555
551
550
550
538
536
536
535
535
535
535
535
535
535
534
533
533
533
533
532
532
532
531
531
531
528
527
526
526
525
524
524
518
510
510
496
493
468
467
436
134
88
3081
3075
3044
3016
2994
2981
2979
2959
2916
2885
2780
2587
2582
2574
2413
2142
2127
2114
2082
2062
2055
2016
1944
1915
1817
1806
1684
1360
1327
1315
1153
1044
1042
1003
989
899
878
857
844
802
802
802
801
799
798
798
798
798
798
796
795
795
793
792
792
790
790
787
787
787
786
786
785
785
784
784
782
781
781
780
780
780
780
779
778
778
776
775
775
774
774
774
772
771
770
770
769
769
768
768
768
767
767
767
767
766
766
765
765
764
764
762
762
762
761
761
761
760
759
758
758
757
757
757
756
756
756
756
756
755
755
755
753
752
752
752
752
750
750
749
747
747
747
746
746
746
746
745
744
743
743
742
741
741
739
739
739
738
738
737
735
735
735
733
733
732
732
731
729
729
727
725
724
722
720
719
718
718
717
714
714
714
712
709
709
708
707
704
701
701
698
695
695
694
694
693
693
692
692
690
690
690
689
689
688
688
686
685
684
682
681
681
680
679
679
677
676
676
675
675
674
674
671
668
666
664
664
664
660
660
660
659
657
656
654
652
651
650
650
650
649
649
649
649
648
648
647
646
646
644
644
643
642
642
641
641
640
640
640
639
637
636
636
635
634
634
633
633
632
632
631
631
629
629
629
628
627
627
627
626
626
626
625
625
625
625
622
622
621
621
619
619
619
619
617
616
616
615
615
615
614
614
613
613
613
612
611
611
611
611
608
608
608
607
605
604
604
603
603
602
601
600
600
600
600
600
600
600
599
598
598
598
597
596
596
596
595
595
595
594
593
593
590
590
589
588
588
588
588
587
586
581
581
581
580
580
580
579
579
577
577
577
576
575
575
573
573
572
572
569
568
567
567
565
563
562
562
554
550
550
548
544
542
541
540
536
536
535
535
534
534
533
533
532
532
531
531
531
531
529
526
524
516
510
510
509
494
479
436
330
3982
3833
3814
3331
3320
3304
3265
3039
3038
2943
2899
2635
2282
2242
2095
2068
1981
1965
1962
1947
1929
1919
1886
1876
1806
1687
1612
1492
1393
1363
1343
1237
1105
1061
1027
1004
998
968
800
799
799
799
797
794
791
791
791
789
789
788
788
786
785
784
784
783
783
783
782
781
780
779
779
779
778
778
778
777
776
774
773
773
772
772
772
772
771
770
770
770
770
769
769
768
768
768
767
766
766
765
765
764
764
763
763
762
760
760
760
759
759
758
758
758
758
757
757
757
757
755
754
753
753
753
753
752
751
751
751
750
749
749
749
748
748
747
747
746
746
746
745
742
742
740
740
740
739
738
738
737
737
736
735
735
735
733
730
728
728
728
724
724
723
723
722
719
718
716
716
714
714
713
713
712
712
711
711
710
709
709
708
708
707
706
704
704
702
702
702
701
700
696
695
693
692
691
689
687
686
686
685
684
683
681
681
680
678
677
677
676
675
675
675
675
674
674
673
672
672
671
669
667
667
664
663
662
661
661
660
657
657
656
654
654
654
650
648
648
647
642
640
640
640
639
639
638
638
637
637
636
633
633
633
633
632
632
631
630
630
630
629
628
628
628
627
627
627
625
625
624
623
622
622
622
621
620
620
618
618
618
618
617
617
617
617
617
617
617
615
615
615
614
614
614
612
612
611
610
610
609
609
609
608
607
605
605
605
605
605
604
603
603
603
601
601
601
600
600
598
598
598
598
597
597
596
595
594
594
594
593
593
592
592
591
591
590
590
589
589
589
589
588
588
586
586
585
585
585
584
583
583
583
581
580
579
578
577
577
576
576
574
572
572
568
567
567
565
564
564
563
558
555
553
552
552
551
547
545
536
536
536
536
535
535
535
535
535
534
534
533
533
533
533
532
532
531
531
528
528
526
525
520
518
510
510
501
489
485
479
383
3362
3261
3250
3226
3165
3157
2827
2796
2624
2582
2575
2552
2506
2503
2441
2432
2410
2182
2001
1996
1866
1818
1813
1781
1656
1629
1496
1467
1448
1384
1374
1348
1328
1327
1257
1231
1190
1002
954
802
801
801
800
800
798
797
797
796
795
793
793
792
792
791
791
790
790
790
789
786
786
783
783
782
782
782
782
781
780
779
779
779
779
776
775
775
774
774
773
772
772
771
771
771
771
771
771
770
770
770
770
768
768
767
767
766
765
765
764
763
763
762
760
760
760
760
759
759
758
758
757
757
756
755
755
754
753
753
753
752
752
752
751
751
750
750
750
750
747
746
746
746
745
745
744
744
743
742
741
741
741
739
739
738
738
737
737
736
736
735
735
734
734
732
732
732
731
730
729
728
726
726
726
725
725
724
724
720
717
717
716
716
716
715
714
709
709
709
709
708
707
706
705
703
703
702
701
700
699
697
696
696
695
695
691
690
690
689
687
685
685
685
683
682
681
681
681
680
680
679
677
675
671
671
670
670
669
668
667
665
664
664
663
663
659
659
659
657
657
656
655
654
654
653
652
650
650
648
646
645
644
644
642
642
640
639
639
639
638
638
638
637
635
635
635
635
635
635
635
635
634
634
634
634
633
633
630
629
629
627
626
626
626
626
624
624
623
622
622
621
620
618
618
618
617
617
616
616
612
611
611
610
610
610
609
608
607
607
607
607
607
606
605
604
603
603
603
602
602
601
600
600
600
599
599
599
599
598
597
597
594
593
592
592
592
592
591
591
591
591
590
589
589
588
587
587
586
586
586
586
586
585
584
584
583
583
583
582
581
578
578
577
577
576
576
575
575
575
573
573
573
571
567
566
565
564
564
560
559
557
553
552
544
539
537
536
536
536
535
535
535
534
534
532
532
532
531
528
527
523
521
518
516
510
510
500
494
486
480
473
5200
3188
3168
3108
3093
3013
2965
2876
2863
2827
2636
2550
2503
2498
2497
2413
2393
2386
2385
2359
2064
2009
2001
1890
1617
1607
1501
1497
1382
1338
1325
1308
1230
1209
1175
1162
1150
1149
1020
808
794
785
769
762
755
755
742
738
730
707
705
698
689
688
680
678
673
669
663
655
654
650
650
640
638
635
630
628
627
624
623
618
617
605
604
603
602
602
601
599
599
598
596
596
595
594
592
591
590
590
588
587
587
586
585
584
580
578
575
572
572
572
570
570
568
567
566
565
565
564
562
561
561
559
559
559
559
558
558
558
555
555
555
554
554
554
553
553
552
551
551
551
550
550
549
547
546
546
545
545
545
545
545
545
544
544
544
544
544
543
542
542
542
541
541
541
540
540
540
540
540
539
539
539
537
537
536
536
536
535
535
535
534
534
534
534
533
533
533
532
532
532
531
530
530
530
529
528
528
527
526
523
521
520
520
518
518
518
517
517
517
517
516
516
516
514
514
513
513
513
513
512
511
511
510
510
510
510
510
509
509
508
508
507
506
505
505
505
504
503
503
503
503
503
503
502
502
502
501
501
500
500
499
498
498
495
495
494
494
493
493
493
492
492
492
491
490
490
490
489
489
489
489
488
488
488
488
487
487
487
487
487
486
486
486
486
484
483
483
483
482
481
480
480
480
480
480
479
479
478
478
477
476
476
474
473
473
472
471
471
470
469
469
469
468
468
467
467
463
463
461
460
458
457
456
455
455
453
451
450
450
450
450
449
447
446
445
444
442
440
439
438
437
436
435
434
434
434
433
432
432
432
431
429
426
424
424
423
423
420
416
415
413
409
402
392
386
367
367
365
363
360
359
359
359
358
358
357
357
357
356
355
354
354
353
353
352
350
350
348
348
348
348
347
346
342
342
341
337
336
330
323
323
321
320
314
309
293
194
136
4679
4676
4201
4026
3946
3921
3825
3706
3333
3238
3104
3097
2881
2846
2777
2684
2671
2563
2533
2287
2138
1923
1891
1889
1878
1744
1722
1652
1574
1533
1464
1319
1290
1275
1252
1216
1045
978
948
870
825
823
822
819
789
786
785
784
783
782
782
781
779
779
776
776
774
774
772
772
771
770
769
769
769
768
768
768
764
764
762
762
762
761
761
760
760
760
760
760
760
759
759
758
757
756
755
755
755
753
753
752
751
751
751
750
750
749
748
748
747
746
746
745
745
745
744
744
743
743
742
742
742
741
740
739
739
739
739
739
738
738
738
737
736
736
735
735
735
734
734
734
734
734
730
730
730
729
729
728
728
728
726
726
726
726
725
725
724
724
724
723
722
722
722
722
720
720
718
717
717
715
715
714
711
711
710
708
707
707
700
696
696
690
690
690
689
688
686
685
684
682
682
682
681
680
678
678
677
676
675
674
673
672
672
670
669
668
667
667
666
666
665
664
664
663
663
663
663
660
660
658
657
656
655
652
652
652
650
650
646
645
645
644
644
643
643
642
642
642
642
639
636
636
635
633
631
631
630
630
630
630
629
628
628
627
626
625
624
624
624
624
622
622
622
622
621
620
620
620
620
619
617
617
616
616
615
614
614
613
613
612
612
612
611
610
610
609
607
606
606
606
606
606
605
605
604
604
604
603
603
603
602
601
601
601
600
599
599
598
598
598
598
597
597
595
594
593
593
593
593
592
592
591
590
590
589
589
589
588
588
587
587
586
586
585
585
584
583
582
582
581
581
581
580
580
580
579
579
578
578
577
577
576
574
574
573
572
570
570
569
568
568
567
567
566
565
564
563
562
560
560
558
558
558
557
553
549
547
542
535
532
530
526
525
525
523
522
520
520
519
519
516
516
515
515
515
513
511
511
509
504
490
482
477
464
459
394
283
202
4539
4122
3688
3660
3486
3366
3318
3306
2955
2664
2658
2548
2518
2411
2206
2135
2098
2043
2009
1888
1749
1747
1571
1536
1525
1493
1471
1410
1409
1406
1299
1286
1286
1160
1146
1113
1025
1016
1001
801
798
795
795
794
794
791
791
790
790
786
785
785
784
783
783
783
782
781
781
781
781
779
779
777
777
776
776
776
774
773
772
772
772
771
771
770
770
770
769
769
768
768
766
766
766
766
766
765
765
764
764
763
763
763
762
761
760
760
760
760
759
758
758
757
756
756
756
756
755
755
755
755
754
754
753
753
753
751
751
750
750
749
749
749
748
748
748
748
747
746
745
745
745
745
745
745
744
743
743
742
742
741
740
740
739
739
739
738
738
738
737
737
736
736
736
735
735
734
732
730
728
727
726
725
723
721
720
719
719
717
715
713
711
711
708
707
707
705
704
704
701
700
700
699
699
698
698
698
697
697
695
693
692
691
690
690
690
689
688
688
688
687
687
687
685
684
681
677
676
675
675
675
674
673
673
671
671
671
670
669
666
661
661
661
659
659
657
657
656
655
655
655
654
652
652
652
652
650
648
648
646
646
645
643
642
641
641
641
640
639
638
638
638
637
637
637
635
633
633
633
632
632
631
630
630
630
629
629
629
628
628
627
626
626
625
625
625
625
624
624
622
621
621
620
619
618
618
618
617
617
616
616
616
616
614
614
614
613
613
611
610
609
609
609
609
609
609
608
607
606
606
606
606
605
605
603
602
601
600
600
599
598
598
598
594
593
592
592
592
592
590
590
590
590
589
589
587
585
585
584
584
584
584
583
583
583
582
580
580
579
578
577
575
574
574
573
572
571
570
569
568
568
566
562
561
560
554
545
544
539
537
536
536
536
536
536
535
535
535
534
534
534
533
533
533
531
530
529
527
519
515
514
510
507
499
487
468
417
410
405
4306
4283
4262
3608
3557
3498
3270
3235
3021
2922
2867
2824
2811
2788
2775
2773
2768
2768
2762
2709
2701
2699
2685
2654
2433
2414
1888
1839
1484
1447
1433
1413
1304
1277
1193
1162
1147
1067
936
927
853
837
803
801
801
800
800
799
799
797
795
795
794
794
792
791
791
790
790
790
788
788
788
786
786
785
785
783
782
782
782
781
781
781
781
780
780
778
777
777
776
775
775
775
775
773
773
773
772
772
771
771
771
769
769
769
768
768
768
768
767
767
766
766
766
765
764
763
762
762
760
759
758
757
757
756
755
755
755
755
754
754
753
753
752
751
751
751
751
751
750
750
749
749
749
748
748
748
748
747
747
746
746
745
745
744
743
743
743
742
742
741
741
740
740
739
736
736
736
736
735
734
734
733
732
731
730
730
729
727
727
727
726
726
725
724
721
720
719
716
713
712
711
710
709
709
709
708
707
705
704
703
699
698
698
697
696
692
692
690
687
686
684
683
683
683
681
679
679
678
677
669
668
668
667
667
667
666
666
661
660
657
655
654
653
652
652
651
651
650
650
649
649
648
647
646
646
645
644
644
644
643
643
642
642
641
638
637
637
637
637
636
636
636
635
635
635
635
634
633
633
633
632
630
629
628
628
627
627
627
626
625
625
624
622
622
622
621
620
620
620
620
619
618
618
618
617
617
616
616
616
615
614
613
612
611
611
611
611
610
609
609
609
609
607
607
605
605
604
604
603
602
602
600
600
600
599
599
599
598
597
597
597
596
595
594
594
593
593
591
591
591
590
590
590
589
589
588
588
588
585
585
585
584
583
583
583
583
581
580
578
577
577
577
576
575
574
573
572
572
572
570
569
568
567
564
564
562
557
554
553
552
550
547
543
542
542
538
535
535
534
532
532
529
529
528
528
526
526
522
519
517
496
489
471
462
457
448
355
321
3806
3638
3603
3603
3503
3396
3170
2892
2882
2841
2812
2811
2716
2481
2385
2334
2315
2268
2258
2190
2184
2127
2112
2045
2029
1972
1956
1841
1787
1735
1735
1467
1396
1331
1177
1151
993
956
892
868
849
825
792
786
785
780
778
778
776
776
776
776
776
774
774
773
773
771
770
770
769
768
768
768
767
766
765
765
765
765
763
762
758
758
757
756
756
756
755
755
755
754
754
754
751
750
749
749
749
749
749
749
748
747
747
746
746
745
744
744
743
743
743
742
742
742
742
741
740
740
739
739
739
739
739
737
737
737
737
737
736
736
736
735
735
735
733
733
732
732
732
732
731
731
730
729
729
727
727
726
724
723
723
723
723
719
719
719
718
717
715
715
715
714
713
713
712
712
712
711
711
710
708
708
708
707
707
703
701
700
700
700
699
699
698
698
698
696
695
695
694
692
691
690
690
690
690
689
688
688
688
686
680
678
675
675
675
674
670
669
668
668
668
666
665
663
662
660
659
659
655
654
653
653
653
650
650
649
648
647
647
647
647
643
642
641
640
639
639
639
639
638
638
637
637
636
636
635
634
633
631
631
630
629
629
629
628
628
628
627
626
626
625
625
625
625
625
625
624
623
621
621
620
619
618
618
618
618
616
615
614
614
614
613
612
611
611
610
610
609
608
608
607
607
607
605
605
603
603
602
602
601
601
600
599
598
598
598
598
597
597
597
596
596
596
596
595
594
593
593
592
592
591
591
591
590
590
590
589
589
588
587
586
585
584
584
583
582
582
582
581
581
580
580
579
579
578
578
575
575
575
574
574
574
573
573
572
571
569
569
569
567
566
566
566
565
564
562
560
559
559
558
557
557
550
550
548
531
531
528
526
526
525
524
523
523
523
523
522
522
520
520
517
515
513
513
511
510
510
509
502
467
467
467
459
442
431
389
191
78
5156
5114
4704
4560
3899
3743
3671
3624
3612
3435
3159
3120
3028
2948
2868
2811
2771
2620
2436
2083
1885
1802
1763
1759
1754
1702
1635
1601
1457
1378
1211
1185
1137
1094
1040
1029
884
802
799
799
798
798
797
796
795
795
794
794
793
793
792
792
791
791
790
790
790
789
787
787
787
786
786
786
786
784
783
783
782
781
781
781
781
780
779
778
778
778
777
777
775
774
773
773
773
773
773
773
773
773
773
771
770
770
769
768
768
768
767
766
766
765
765
765
764
761
761
760
760
758
758
758
757
757
756
756
756
755
755
755
754
754
754
753
752
752
751
751
751
749
749
748
748
745
745
745
745
745
744
743
743
743
742
742
742
741
740
740
739
739
738
737
737
736
735
734
734
733
732
732
730
729
728
728
727
727
727
726
726
724
724
724
723
723
721
720
720
718
718
717
716
709
709
707
706
704
702
702
699
699
698
697
696
694
690
689
689
688
687
687
686
686
685
684
683
682
681
681
678
678
676
675
674
673
668
668
668
667
666
666
662
662
662
661
660
659
659
658
657
656
656
655
655
654
652
651
650
648
646
646
646
645
645
645
644
644
644
643
642
642
641
640
640
640
640
640
640
639
639
637
636
636
635
634
634
634
634
632
630
630
630
629
629
629
628
628
627
626
626
624
624
624
623
623
623
621
621
620
618
618
617
616
616
615
614
614
613
613
612
611
611
610
608
608
608
607
607
606
606
605
605
605
604
603
603
602
601
601
601
601
600
599
599
598
597
595
595
594
593
593
592
592
591
590
590
589
589
588
587
587
587
586
585
582
582
582
582
581
581
579
578
578
578
578
577
576
575
575
574
574
572
571
570
568
567
565
565
563
561
559
558
556
551
547
547
539
536
536
536
536
536
536
535
535
535
533
533
532
532
530
529
529
527
517
511
510
504
337
336
207
4656
4502
3522
3472
3322
3190
3157
3152
3106
3005
3004
2980
2932
2864
2784
2607
2582
2461
2383
2358
2345
2078
2050
1849
1684
1681
1644
1613
1579
1556
1509
1394
1091
1033
1025
1021
976
914
829
827
802
802
802
801
800
799
798
798
795
795
794
792
792
791
790
790
788
784
784
783
782
782
782
782
782
780
779
779
779
778
778
777
777
776
776
775
774
774
774
774
773
773
772
772
771
771
771
770
770
769
769
768
768
768
768
767
767
766
765
765
764
764
764
762
760
760
759
759
759
758
758
757
757
757
757
756
755
755
754
754
753
753
752
752
752
752
751
751
751
751
750
750
750
750
748
747
747
747
747
746
745
743
742
742
741
741
740
739
739
738
738
738
737
737
737
737
736
734
734
733
732
731
731
730
729
725
725
724
724
724
720
720
719
717
716
714
713
708
706
706
705
705
705
705
702
701
700
699
698
697
697
696
696
695
694
694
693
693
692
688
688
687
683
683
682
680
680
679
676
675
675
668
665
660
659
657
656
656
654
654
653
653
650
650
647
647
647
647
646
646
646
643
643
643
642
641
640
640
638
637
637
637
637
637
636
635
634
634
634
634
633
633
633
633
632
630
630
629
629
628
628
627
627
626
626
626
625
625
624
624
624
624
623
622
622
621
620
620
620
619
619
619
618
616
615
615
615
615
614
611
611
611
611
611
610
609
609
609
608
608
608
607
607
606
606
606
605
603
603
602
602
601
601
601
600
600
599
598
598
598
597
597
596
596
596
595
595
592
592
591
591
591
590
590
590
589
589
587
587
587
587
585
585
584
582
582
581
581
580
579
579
579
576
575
573
573
572
571
568
566
564
564
563
559
559
556
553
552
541
541
537
536
536
535
535
535
535
534
534
533
533
532
531
531
531
531
530
527
526
524
516
514
508
499
495
481
464
389
345
165
4480
4142
4092
4071
3476
3469
3456
3371
3287
3217
3211
3171
3005
2822
2717
2500
2423
2285
2220
2194
2118
2000
1976
1975
1951
1944
1881
1816
1616
1606
1578
1574
1380
1307
1222
1219
1219
1189
1158
1003
899
836
802
800
799
798
797
796
795
794
794
793
793
791
790
790
788
788
787
787
787
787
787
786
786
785
785
784
781
781
781
781
781
781
781
781
780
780
780
779
777
774
774
773
773
771
771
770
770
769
769
769
768
768
767
766
766
766
765
765
764
764
764
762
762
760
760
760
760
759
759
759
758
758
758
758
758
758
757
756
756
755
755
754
754
753
753
752
752
752
752
751
750
750
750
749
749
748
747
746
746
745
745
745
743
742
742
740
739
739
738
737
736
735
735
732
732
731
730
729
727
727
725
724
724
722
719
718
715
712
712
709
708
707
707
705
704
704
702
702
701
699
699
698
697
696
695
694
694
693
693
693
693
692
692
691
691
690
690
690
688
688
686
686
682
682
679
677
676
675
675
675
674
673
669
668
668
666
665
665
664
664
663
660
660
655
654
652
651
650
650
650
649
648
648
647
647
646
646
644
644
643
642
641
640
640
638
638
638
637
637
636
636
636
635
635
635
634
634
632
631
629
627
626
626
626
625
624
623
623
623
623
622
621
620
620
620
618
618
617
616
616
615
615
615
614
613
613
611
610
610
610
610
608
608
608
607
607
606
605
604
603
602
602
601
601
599
599
599
599
598
597
597
597
596
595
595
594
593
592
591
591
590
590
589
589
589
589
588
587
586
586
586
584
584
584
583
583
583
581
581
581
580
579
578
578
577
576
575
575
573
572
572
571
571
569
568
567
567
565
564
562
561
554
551
548
547
545
543
540
536
536
536
536
535
534
534
533
533
533
532
532
532
532
531
530
529
529
528
527
525
524
524
510
510
494
492
483
450
99
3992
3964
3930
3901
3890
3843
3818
3816
3751
3725
3628
3597
3444
3318
3199
3053
3021
3021
2881
2632
2488
2472
2156
2152
2082
2045
2031
1995
1973
1954
1802
1601
1404
1354
1328
1234
1175
1172
1162
1151
1123
1109
928
898
805
798
798
793
792
791
786
784
784
783
782
782
781
781
779
776
775
775
775
774
774
774
773
773
772
772
771
771
770
770
769
769
768
768
768
767
767
765
764
764
764
763
763
763
762
762
761
761
760
759
759
759
759
759
758
758
757
756
756
755
755
753
752
752
752
751
750
750
749
748
748
748
747
744
743
743
743
742
742
741
741
740
740
740
739
739
739
739
738
737
737
735
735
734
734
734
733
733
733
733
733
732
732
731
731
730
729
725
725
721
720
719
719
717
716
716
715
715
715
713
713
713
709
709
708
706
704
703
700
698
697
697
697
694
692
691
690
690
688
687
686
685
685
682
681
681
680
680
679
676
674
673
671
670
669
669
664
662
662
662
661
660
659
659
657
657
657
656
653
653
650
650
650
649
648
647
645
644
643
642
642
639
639
639
637
637
636
635
634
631
631
631
630
630
629
629
628
628
628
627
627
626
625
625
624
624
623
623
623
623
623
622
621
621
620
620
620
618
618
617
615
614
614
614
613
612
612
612
611
611
610
608
608
608
608
607
607
606
606
605
604
603
602
602
602
602
602
602
601
601
600
600
600
600
599
599
599
598
597
596
596
595
595
594
593
593
593
593
593
593
592
592
591
591
590
590
588
588
587
587
586
586
586
584
583
583
583
583
583
582
582
581
581
580
580
578
578
578
577
577
577
576
573
573
572
571
571
569
568
568
567
564
563
563
563
562
558
556
556
550
547
543
540
539
536
534
534
534
534
533
533
532
531
530
530
530
529
529
529
528
527
527
524
520
518
516
514
513
510
510
482
481
455
446
351
350
4626
3825
3671
3654
3193
2990
2978
2899
2830
2733
2699
2686
2663
2641
2602
2579
2471
2391
2364
2292
2277
2141
1992
1960
1922
1454
1453
1385
1308
1181
1178
1121
1085
1062
1038
1032
897
849
792
787
778
775
775
769
762
758
757
755
753
751
749
747
747
746
746
745
744
743
743
743
742
741
741
740
739
739
739
738
737
737
737
736
735
734
734
733
733
733
733
731
731
731
731
730
730
729
728
727
725
724
724
723
723
722
722
722
721
719
719
718
717
716
716
715
715
715
714
714
714
714
713
713
712
712
712
711
711
710
707
707
707
706
705
705
704
704
704
704
703
703
703
702
702
701
701
701
700
700
700
698
697
697
696
696
696
696
694
694
693
692
692
691
691
691
691
690
690
690
689
689
689
687
687
687
685
685
683
683
683
682
680
680
679
679
679
677
675
674
674
674
673
672
671
670
670
669
668
668
668
666
666
665
664
661
661
660
658
658
658
654
653
653
652
651
651
651
650
649
645
643
643
643
639
638
637
637
636
636
635
635
635
634
634
633
633
633
632
631
631
630
628
627
626
624
623
623
623
623
622
622
622
622
621
621
621
621
621
619
619
619
618
617
617
616
615
614
614
612
612
611
611
611
610
609
609
609
608
608
608
608
608
607
606
606
606
605
605
605
604
603
602
602
601
601
601
600
599
599
599
597
596
596
595
595
595
595
595
593
593
593
593
592
592
591
591
591
590
590
590
590
589
589
589
589
589
588
588
587
587
586
586
585
585
585
584
584
584
583
583
582
581
581
581
581
580
579
579
578
578
577
576
576
575
575
575
572
572
571
570
568
567
567
567
567
566
565
564
564
563
562
562
559
558
557
557
557
556
556
555
555
554
554
547
544
540
538
535
535
535
534
532
530
530
529
528
528
526
525
518
518
512
496
488
478
464
462
461
449
438
279
3997
3777
3697
3610
3404
3242
3226
3223
3223
3203
3201
3176
3116
3101
3088
3031
2953
2893
2475
2435
2327
2164
2110
1844
1792
1741
1735
1701
1671
1558
1436
1404
1336
1304
1205
1201
1107
1073
938
879
858
855
802
801
801
801
800
800
800
798
797
797
796
795
794
794
792
791
789
789
788
787
786
786
786
785
784
784
783
783
783
782
781
780
780
780
779
779
779
779
778
778
778
776
776
776
776
774
774
773
771
771
770
770
769
769
768
767
766
766
765
764
763
763
763
762
762
761
761
761
760
759
759
758
758
757
757
757
756
755
755
755
755
754
753
753
752
751
751
751
750
750
750
750
749
749
748
748
747
747
747
746
746
745
744
744
743
742
741
741
740
740
739
739
737
737
737
737
736
734
734
731
730
729
726
726
725
725
723
722
722
721
719
714
709
709
707
706
705
704
701
701
700
700
699
699
699
698
696
696
694
693
692
692
688
688
688
687
687
686
686
682
682
681
680
680
678
678
678
675
675
674
674
673
670
669
666
665
663
663
662
661
660
659
659
658
656
655
653
652
651
649
648
645
644
644
644
641
641
641
641
641
640
639
639
638
638
637
635
635
634
634
633
633
632
632
630
630
630
630
630
629
628
628
628
628
627
626
626
624
624
623
622
622
621
621
620
619
618
618
618
617
617
617
616
615
615
615
615
614
613
612
612
612
610
608
608
607
607
606
606
606
605
605
604
602
602
601
601
600
600
600
598
597
596
595
595
594
594
593
593
593
593
592
592
590
589
589
589
589
588
588
588
587
587
587
587
586
585
585
585
584
581
581
580
580
580
579
579
578
575
574
574
573
572
572
570
570
567
567
565
564
562
562
559
559
553
553
549
547
545
543
543
543
540
536
536
536
536
535
535
535
534
534
534
533
533
533
533
532
531
529
526
526
525
524
494
494
457
431
4633
4612
4574
4565
4407
4390
4350
4327
4303
4293
4258
3768
3708
2804
2802
2749
2625
2546
2480
2437
2414
2410
2302
2263
2163
2143
1888
1852
1848
1841
1816
1705
1679
1636
1592
1508
1494
1450
1419
1380
1373
1357
1338
1302
1254
1216
1203
1160
1148
1138
1132
1122
1120
1114
1082
1069
1048
1037
1028
1017
1003
989
947
936
934
926
922
921
915
900
896
886
860
857
849
848
834
833
833
832
820
806
805
802
802
802
801
800
800
798
798
798
797
795
794
793
793
793
791
790
787
785
783
782
782
781
781
777
776
776
776
776
776
775
775
773
771
771
769
769
768
768
767
766
766
766
765
765
764
764
763
763
762
762
759
759
757
756
756
755
754
754
753
753
753
753
751
751
750
749
749
749
749
748
748
744
743
742
742
742
741
740
738
737
736
736
733
733
733
732
732
730
728
728
728
727
726
726
725
724
723
723
723
722
717
716
716
714
712
711
710
709
709
709
709
706
706
703
702
701
700
699
699
696
696
695
691
691
688
687
686
686
685
685
684
682
680
678
677
677
676
675
673
671
670
670
669
667
667
663
660
658
658
657
656
654
652
651
650
646
645
645
644
643
643
640
640
640
639
639
639
638
636
635
634
634
633
633
633
632
632
632
629
629
628
627
626
626
623
621
621
621
621
621
620
620
618
618
617
617
616
615
615
613
612
612
612
612
611
611
611
611
611
610
610
610
610
608
607
607
606
606
606
605
605
604
602
600
599
599
598
598
597
597
596
596
596
596
596
596
596
595
594
594
592
592
591
590
590
590
590
589
588
588
588
588
586
586
585
584
583
582
582
582
582
581
579
578
577
575
575
574
574
573
572
572
572
572
569
566
565
563
563
557
556
555
549
543
543
538
537
536
536
536
535
535
535
534
534
534
534
534
533
532
532
531
531
531
531
528
528
515
515
512
510
501
489
436
434
363
4382
4083
3641
3604
3603
3570
3559
3557
3441
3348
3335
2916
2902
2730
2724
2581
2541
2536
2518
2518
2507
2321
2320
2157
2022
1941
1844
1735
1714
1583
1537
1514
1369
1345
1312
1287
1265
1186
1150
1149
1120
1077
1072
1071
1068
1060
1024
1016
1007
981
972
945
916
894
891
890
869
857
843
831
831
820
814
812
805
805
800
800
800
799
799
798
797
797
795
794
791
791
791
790
789
789
789
788
788
788
788
787
787
782
781
780
780
780
780
779
779
779
778
777
777
776
776
776
776
774
774
773
772
772
771
771
770
769
769
768
767
767
767
767
766
766
766
766
766
765
765
765
765
764
764
762
761
761
760
760
760
759
758
757
757
757
756
755
755
755
754
754
754
754
753
751
751
750
750
749
749
749
749
749
748
747
746
745
743
742
741
740
739
739
738
737
736
736
733
733
730
730
729
729
729
727
727
726
726
725
725
725
724
724
723
723
722
721
721
721
719
717
716
715
714
714
714
713
713
712
711
711
709
708
707
705
705
705
705
704
704
700
699
699
699
695
692
689
686
685
685
685
683
682
681
680
678
674
673
670
668
667
666
666
665
665
665
662
662
661
659
657
657
657
656
655
654
654
649
648
647
647
647
647
646
643
643
643
643
642
641
641
641
640
640
639
638
638
638
635
635
635
634
633
633
633
632
632
632
630
629
629
627
626
625
622
622
621
621
621
621
620
618
617
615
613
612
612
611
611
611
611
610
609
609
608
607
607
606
606
605
605
605
604
601
601
601
600
600
599
599
599
594
594
594
593
593
593
593
593
592
592
592
591
590
590
589
588
588
586
586
586
584
583
583
582
582
582
581
579
577
577
577
577
572
569
568
568
566
566
565
564
561
554
548
548
545
544
540
539
536
536
536
536
536
536
536
536
535
534
534
533
533
531
530
524
520
511
510
510
494
484
483
470
3993
3972
3967
3903
3888
3322
3303
3269
3107
3096
3048
2746
2740
2714
2678
2538
2437
2432
2201
2165
2155
2104
2085
2066
1960
1938
1798
1745
1738
1473
1431
1388
1333
1318
1290
1238
1217
1168
1002
989
862
840
816
801
801
800
800
797
797
796
794
791
791
791
790
790
789
789
789
787
787
785
784
783
783
782
780
780
780
779
779
778
778
778
777
777
776
776
776
775
775
775
775
774
773
773
773
772
772
770
770
769
769
768
768
768
767
767
767
767
766
765
765
764
764
763
762
762
761
761
761
760
758
757
757
757
757
756
756
755
754
754
754
754
752
752
752
751
750
750
750
749
749
748
748
748
747
746
746
744
744
744
742
741
741
739
739
739
739
738
737
737
735
735
734
733
733
732
731
730
729
728
726
724
723
722
717
717
715
712
711
705
705
705
704
703
702
700
697
695
695
694
693
692
692
692
690
690
688
688
686
686
686
686
684
684
684
683
682
680
680
680
679
676
675
673
671
671
670
669
669
666
665
663
663
660
659
659
658
657
657
656
655
654
654
651
650
650
649
649
648
648
646
646
646
643
642
642
642
641
641
641
641
640
639
639
638
637
637
635
635
635
635
634
633
633
633
632
632
632
630
629
628
628
627
627
627
626
626
625
625
623
623
623
623
623
620
620
619
619
617
616
613
612
611
611
611
610
610
610
609
609
608
606
605
605
605
604
604
604
604
603
602
602
601
600
599
598
598
597
597
596
596
596
596
594
594
594
593
593
593
593
592
591
590
589
589
588
588
587
587
587
587
586
585
584
584
582
581
580
580
579
579
579
578
576
576
574
574
572
572
570
569
567
565
564
563
563
562
561
558
554
547
546
534
534
534
534
534
534
534
534
533
533
532
532
531
531
530
529
529
529
528
528
528
525
523
523
518
518
514
512
511
510
509
509
497
492
460
193
3666
3460
3229
3186
3143
3027
2983
2960
2855
2803
2795
2792
2781
2763
2748
2733
2590
2504
2259
2238
2026
2005
1971
1776
1775
1749
1657
1630
1587
1586
1516
1512
1452
1371
1334
1316
1248
1195
1156
1140
1123
1112
1084
1039
1028
967
923
891
874
812
800
800
800
800
798
795
794
794
794
793
793
792
790
790
790
789
789
788
788
788
786
786
786
786
784
784
783
783
781
781
780
779
779
778
778
777
777
776
776
775
774
773
773
771
770
769
768
768
767
767
765
764
764
763
762
762
762
762
762
760
760
760
760
759
759
758
757
757
757
757
756
755
755
754
754
754
754
753
752
752
751
750
750
749
749
749
749
749
749
748
747
747
747
746
745
745
744
744
743
741
741
740
740
739
738
738
737
736
734
734
733
731
731
728
728
726
725
724
722
722
720
719
717
716
716
715
714
714
710
709
708
706
705
704
703
702
702
700
700
698
698
698
697
697
697
693
693
693
691
691
691
690
688
688
685
684
684
684
684
682
681
681
681
681
681
678
677
675
675
673
672
670
668
668
666
664
663
662
662
660
656
654
653
648
648
648
647
646
646
646
646
645
644
642
642
641
641
641
639
638
637
636
635
635
634
634
633
631
631
630
630
628
628
628
626
626
625
624
624
623
623
623
622
621
620
619
619
618
618
618
617
617
616
616
616
615
614
613
613
611
609
608
608
607
606
606
605
605
604
604
603
601
601
601
601
600
599
599
599
598
598
598
597
596
595
594
594
593
593
592
592
592
591
590
590
588
587
587
587
586
586
586
585
584
583
583
582
582
582
581
581
581
580
580
579
579
578
578
578
577
575
574
574
574
573
572
571
571
568
566
564
563
561
561
560
559
558
551
550
545
544
539
536
536
536
535
535
534
534
534
533
532
532
531
530
529
529
527
521
510
510
507
504
463
437
414
398
397
335
180
3909
3614
3602
3536
3379
3280
3254
3230
3225
3149
2532
2502
2406
2376
2312
2293
2258
2159
2064
2041
1968
1965
1927
1813
1719
1659
1626
1612
1516
1482
1408
1366
1363
1079
1049
915
866
859
835
831
810
802
799
798
798
798
798
797
796
795
795
794
794
793
792
789
789
788
788
788
788
786
783
783
782
782
781
781
780
779
779
778
778
777
776
776
776
776
775
773
772
771
771
770
770
770
769
769
769
769
768
767
767
767
765
765
764
764
762
762
761
761
761
760
759
759
757
757
757
757
756
756
756
755
755
755
755
755
754
753
753
753
752
752
752
751
750
750
750
749
749
748
748
747
746
746
745
745
745
745
744
743
743
742
741
741
741
740
740
739
738
737
736
736
735
734
733
732
731
730
729
726
723
719
716
716
716
715
715
715
714
714
713
712
711
711
711
706
706
706
706
704
704
702
700
698
697
697
697
697
697
695
693
693
690
687
685
684
683
683
683
683
683
682
681
680
679
678
678
675
674
673
671
668
666
665
665
663
661
658
657
656
655
652
652
651
650
648
647
647
646
643
642
642
641
641
641
638
636
636
636
636
636
636
634
634
633
633
632
632
632
632
631
631
631
631
630
629
628
628
627
627
627
626
624
623
622
622
622
622
622
620
620
619
619
619
618
617
617
617
616
616
615
615
615
615
614
614
614
614
613
612
612
611
611
611
610
610
609
608
608
608
606
604
603
602
602
601
601
600
600
599
599
599
598
598
597
596
596
596
596
595
595
595
595
594
594
593
591
591
591
590
588
588
588
588
587
587
586
585
585
585
584
584
583
582
582
582
581
581
578
576
575
574
573
573
573
572
571
571
571
570
569
568
567
566
566
565
563
562
561
560
560
555
549
536
536
536
535
535
534
534
533
533
533
532
532
531
531
530
526
522
510
510
508
495
462
458
456
447
4330
4299
4164
4149
4132
4110
3222
3176
3089
3035
2549
2524
2425
2312
2121
2061
1969
1967
1949
1919
1863
1704
1457
1454
1394
1385
1340
1328
1326
1216
1210
1133
1130
1080
889
838
822
821
814
802
802
801
801
798
797
795
792
792
790
790
790
787
787
787
785
785
785
784
784
784
784
783
783
783
782
782
781
781
781
781
780
779
779
778
776
775
773
773
773
773
772
771
771
770
770
770
770
769
769
768
768
767
766
765
765
764
764
763
763
762
761
760
760
760
760
759
759
758
758
757
757
756
755
755
754
754
754
754
753
753
753
753
752
751
751
750
750
749
749
749
749
747
746
746
745
744
744
743
743
743
742
741
741
741
741
740
739
738
738
737
733
732
730
728
728
728
726
726
724
723
722
721
721
719
719
714
713
713
713
713
713
711
710
707
707
706
706
706
705
705
703
700
698
698
696
694
693
693
692
691
691
690
690
688
686
684
682
682
681
681
680
675
675
674
673
672
672
672
671
668
668
667
662
661
658
657
656
655
654
654
654
654
650
648
648
647
646
646
646
645
645
645
645
643
643
642
639
638
638
637
637
636
635
634
634
633
630
630
629
628
628
628
627
627
626
625
625
624
624
624
624
622
621
621
621
621
620
620
619
619
618
618
617
617
617
615
615
615
614
614
613
612
612
611
611
611
608
607
606
606
604
603
603
602
601
601
599
599
599
598
598
598
598
597
597
596
595
594
593
593
591
590
590
590
589
589
589
589
589
588
587
586
586
585
585
584
583
583
583
583
581
581
581
579
578
578
577
577
576
575
575
575
574
574
573
572
572
570
569
568
567
567
567
564
564
563
558
557
555
551
550
550
538
536
536
535
535
535
535
535
535
535
534
533
533
533
533
532
532
532
531
531
531
528
527
526
526
525
524
524
518
510
510
496
493
468
467
436
134
88
3081
3075
3044
3016
2994
2981
2979
2959
2916
2885
2780
2587
2582
2574
2413
2142
2127
2114
2082
2062
2055
2016
1944
1915
1817
1806
1684
1360
1327
1315
1153
1044
1042
1003
989
899
878
857
844
802
802
802
801
799
798
798
798
798
798
796
795
795
793
792
792
790
790
787
787
787
786
786
785
785
784
784
782
781
781
780
780
780
780
779
778
778
776
775
775
774
774
774
772
771
770
770
769
769
768
768
768
767
767
767
767
766
766
765
765
764
764
762
762
762
761
761
761
760
759
758
758
757
757
757
756
756
756
756
756
755
755
755
753
752
752
752
752
750
750
749
747
747
747
746
746
746
746
745
744
743
743
742
741
741
739
739
739
738
738
737
735
735
735
733
733
732
732
731
729
729
727
725
724
722
720
719
718
718
717
714
714
714
712
709
709
708
707
704
701
701
698
695
695
694
694
693
693
692
692
690
690
690
689
689
688
688
686
685
684
682
681
681
680
679
679
677
676
676
675
675
674
674
671
668
666
664
664
664
660
660
660
659
657
656
654
652
651
650
650
650
649
649
649
649
648
648
647
646
646
644
644
643
642
642
641
641
640
640
640
639
637
636
636
635
634
634
633
633
632
632
631
631
629
629
629
628
627
627
627
626
626
626
625
625
625
625
622
622
621
621
619
619
619
619
617
616
616
615
615
615
614
614
613
613
613
612
611
611
611
611
608
608
608
607
605
604
604
603
603
602
601
600
600
600
600
600
600
600
599
598
598
598
597
596
596
596
595
595
595
594
593
593
590
590
589
588
588
588
588
587
586
581
581
581
580
580
580
579
579
577
577
577
576
575
575
573
573
572
572
569
568
567
567
565
563
562
562
554
550
550
548
544
542
541
540
536
536
535
535
534
534
533
533
532
532
531
531
531
531
529
526
524
516
510
510
509
494
479
436
330
3982
3833
3814
3331
3320
3304
3265
3039
3038
2943
2899
2635
2282
2242
2095
2068
1981
1965
1962
1947
1929
1919
1886
1876
1806
1687
1612
1492
1393
1363
1343
1237
1105
1061
1027
1004
998
968
800
799
799
799
797
794
791
791
791
789
789
788
788
786
785
784
784
783
783
783
782
781
780
779
779
779
778
778
778
777
776
774
773
773
772
772
772
772
771
770
770
770
770
769
769
768
768
768
767
766
766
765
765
764
764
763
763
762
760
760
760
759
759
758
758
758
758
757
757
757
757
755
754
753
753
753
753
752
751
751
751
750
749
749
749
748
748
747
747
746
746
746
745
742
742
740
740
740
739
738
738
737
737
736
735
735
735
733
730
728
728
728
724
724
723
723
722
719
718
716
716
714
714
713
713
712
712
711
711
710
709
709
708
708
707
706
704
704
702
702
702
701
700
696
695
693
692
691
689
687
686
686
685
684
683
681
681
680
678
677
677
676
675
675
675
675
674
674
673
672
672
671
669
667
667
664
663
662
661
661
660
657
657
656
654
654
654
650
648
648
647
642
640
640
640
639
639
638
638
637
637
636
633
633
633
633
632
632
631
630
630
630
629
628
628
628
627
627
627
625
625
624
623
622
622
622
621
620
620
618
618
618
618
617
617
617
617
617
617
617
615
615
615
614
614
614
612
612
611
610
610
609
609
609
608
607
605
605
605
605
605
604
603
603
603
601
601
601
600
600
598
598
598
598
597
597
596
595
594
594
594
593
593
592
592
591
591
590
590
589
589
589
589
588
588
586
586
585
585
585
584
583
583
583
581
580
579
578
577
577
576
576
574
572
572
568
567
567
565
564
564
563
558
555
553
552
552
551
547
545
536
536
536
536
535
535
535
535
535
534
534
533
533
533
533
532
532
531
531
528
528
526
525
520
518
510
510
501
489
485
479
383
3362
3261
3250
3226
3165
3157
2827
2796
2624
2582
2575
2552
2506
2503
2441
2432
2410
2182
2001
1996
1866
1818
1813
1781
1656
1629
1496
1467
1448
1384
1374
1348
1328
1327
1257
1231
1190
1002
954
802
801
801
800
800
798
797
797
796
795
793
793
792
792
791
791
790
790
790
789
786
786
783
783
782
782
782
782
781
780
779
779
779
779
776
775
775
774
774
773
772
772
771
771
771
771
771
771
770
770
770
770
768
768
767
767
766
765
765
764
763
763
762
760
760
760
760
759
759
758
758
757
757
756
755
755
754
753
753
753
752
752
752
751
751
750
750
750
750
747
746
746
746
745
745
744
744
743
742
741
741
741
739
739
738
738
737
737
736
736
735
735
734
734
732
732
732
731
730
729
728
726
726
726
725
725
724
724
720
717
717
716
716
716
715
714
709
709
709
709
708
707
706
705
703
703
702
701
700
699
697
696
696
695
695
691
690
690
689
687
685
685
685
683
682
681
681
681
680
680
679
677
675
671
671
670
670
669
668
667
665
664
664
663
663
659
659
659
657
657
656
655
654
654
653
652
650
650
648
646
645
644
644
642
642
640
639
639
639
638
638
638
637
635
635
635
635
635
635
635
635
634
634
634
634
633
633
630
629
629
627
626
626
626
626
624
624
623
622
622
621
620
618
618
618
617
617
616
616
612
611
611
610
610
610
609
608
607
607
607
607
607
606
605
604
603
603
603
602
602
601
600
600
600
599
599
599
599
598
597
597
594
593
592
592
592
592
591
591
591
591
590
589
589
588
587
587
586
586
586
586
586
585
584
584
583
583
583
582
581
578
578
577
577
576
576
575
575
575
573
573
573
571
567
566
565
564
564
560
559
557
553
552
544
539
537
536
536
536
535
535
535
534
534
532
532
532
531
528
527
523
521
518
516
510
510
500
494
486
480
473
5200
3188
3168
3108
3093
3013
2965
2876
2863
2827
2636
2550
2503
2498
2497
2413
2393
2386
2385
2359
2064
2009
2001
1890
1617
1607
1501
1497
1382
1338
1325
1308
1230
1209
1175
1162
1150
1149
1020
808
794
785
769
762
755
755
742
738
730
707
705
698
689
688
680
678
673
669
663
655
654
650
650
640
638
635
630
628
627
624
623
618
617
605
604
603
602
602
601
599
599
598
596
596
595
594
592
591
590
590
588
587
587
586
585
584
580
578
575
572
572
572
570
570
568
567
566
565
565
564
562
561
561
559
559
559
559
558
558
558
555
555
555
554
554
554
553
553
552
551
551
551
550
550
549
547
546
546
545
545
545
545
545
545
544
544
544
544
544
543
542
542
542
541
541
541
540
540
540
540
540
539
539
539
537
537
536
536
536
535
535
535
534
534
534
534
533
533
533
532
532
532
531
530
530
530
529
528
528
527
526
523
521
520
520
518
518
518
517
517
517
517
516
516
516
514
514
513
513
513
513
512
511
511
510
510
510
510
510
509
509
508
508
507
506
505
505
505
504
503
503
503
503
503
503
502
502
502
501
501
500
500
499
498
498
495
495
494
494
493
493
493
492
492
492
491
490
490
490
489
489
489
489
488
488
488
488
487
487
487
487
487
486
486
486
486
484
483
483
483
482
481
480
480
480
480
480
479
479
478
478
477
476
476
474
473
473
472
471
471
470
469
469
469
468
468
467
467
463
463
461
460
458
457
456
455
455
453
451
450
450
450
450
449
447
446
445
444
442
440
439
438
437
436
435
434
434
434
433
432
432
432
431
429
426
424
424
423
423
420
416
415
413
409
402
392
386
367
367
365
363
360
359
359
359
358
358
357
357
357
356
355
354
354
353
353
352
350
350
348
348
348
348
347
346
342
342
341
337
336
330
323
323
321
320
314
309
293
194
136
4679
4676
4201
4026
3946
3921
3825
3706
3333
3238
3104
3097
2881
2846
2777
2684
2671
2563
2533
2287
2138
1923
1891
1889
1878
1744
1722
1652
1574
1533
1464
1319
1290
1275
1252
1216
1045
978
948
870
825
823
822
819
789
786
785
784
783
782
782
781
779
779
776
776
774
774
772
772
771
770
769
769
769
768
768
768
764
764
762
762
762
761
761
760
760
760
760
760
760
759
759
758
757
756
755
755
755
753
753
752
751
751
751
750
750
749
748
748
747
746
746
745
745
745
744
744
743
743
742
742
742
741
740
739
739
739
739
739
738
738
738
737
736
736
735
735
735
734
734
734
734
734
730
730
730
729
729
728
728
728
726
726
726
726
725
725
724
724
724
723
722
722
722
722
720
720
718
717
717
715
715
714
711
711
710
708
707
707
700
696
696
690
690
690
689
688
686
685
684
682
682
682
681
680
678
678
677
676
675
674
673
672
672
670
669
668
667
667
666
666
665
664
664
663
663
663
663
660
660
658
657
656
655
652
652
652
650
650
646
645
645
644
644
643
643
642
642
642
642
639
636
636
635
633
631
631
630
630
630
630
629
628
628
627
626
625
624
624
624
624
622
622
622
622
621
620
620
620
620
619
617
617
616
616
615
614
614
613
613
612
612
612
611
610
610
609
607
606
606
606
606
606
605
605
604
604
604
603
603
603
602
601
601
601
600
599
599
598
598
598
598
597
597
595
594
593
593
593
593
592
592
591
590
590
589
589
589
588
588
587
587
586
586
585
585
584
583
582
582
581
581
581
580
580
580
579
579
578
578
577
577
576
574
574
573
572
570
570
569
568
568
567
567
566
565
564
563
562
560
560
558
558
558
557
553
549
547
542
535
532
530
526
525
525
523
522
520
520
519
519
516
516
515
515
515
513
511
511
509
504
490
482
477
464
459
394
283
202
4539
4122
3688
3660
3486
3366
3318
3306
2955
2664
2658
2548
2518
2411
2206
2135
2098
2043
2009
1888
1749
1747
1571
1536
1525
1493
1471
1410
1409
1406
1299
1286
1286
1160
1146
1113
1025
1016
1001
801
798
795
795
794
794
791
791
790
790
786
785
785
784
783
783
783
782
781
781
781
781
779
779
777
777
776
776
776
774
773
772
772
772
771
771
770
770
770
769
769
768
768
766
766
766
766
766
765
765
764
764
763
763
763
762
761
760
760
760
760
759
758
758
757
756
756
756
756
755
755
755
755
754
754
753
753
753
751
751
750
750
749
749
749
748
748
748
748
747
746
745
745
745
745
745
745
744
743
743
742
742
741
740
740
739
739
739
738
738
738
737
737
736
736
736
735
735
734
732
730
728
727
726
725
723
721
720
719
719
717
715
713
711
711
708
707
707
705
704
704
701
700
700
699
699
698
698
698
697
697
695
693
692
691
690
690
690
689
688
688
688
687
687
687
685
684
681
677
676
675
675
675
674
673
673
671
671
671
670
669
666
661
661
661
659
659
657
657
656
655
655
655
654
652
652
652
652
650
648
648
646
646
645
643
642
641
641
641
640
639
638
638
638
637
637
637
635
633
633
633
632
632
631
630
630
630
629
629
629
628
628
627
626
626
625
625
625
625
624
624
622
621
621
620
619
618
618
618
617
617
616
616
616
616
614
614
614
613
613
611
610
609
609
609
609
609
609
608
607
606
606
606
606
605
605
603
602
601
600
600
599
598
598
598
594
593
592
592
592
592
590
590
590
590
589
589
587
585
585
584
584
584
584
583
583
583
582
580
580
579
578
577
575
574
574
573
572
571
570
569
568
568
566
562
561
560
554
545
544
539
537
536
536
536
536
536
535
535
535
534
534
534
533
533
533
531
530
529
527
519
515
514
510
507
499
487
468
417
410
405
4306
4283
4262
3608
3557
3498
3270
3235
3021
2922
2867
2824
2811
2788
2775
2773
2768
2768
2762
2709
2701
2699
2685
2654
2433
2414
1888
1839
1484
1447
1433
1413
1304
1277
1193
1162
1147
1067
936
927
853
837
803
801
801
800
800
799
799
797
795
795
794
794
792
791
791
790
790
790
788
788
788
786
786
785
785
783
782
782
782
781
781
781
781
780
780
778
777
777
776
775
775
775
775
773
773
773
772
772
771
771
771
769
769
769
768
768
768
768
767
767
766
766
766
765
764
763
762
762
760
759
758
757
757
756
755
755
755
755
754
754
753
753
752
751
751
751
751
751
750
750
749
749
749
748
748
748
748
747
747
746
746
745
745
744
743
743
743
742
742
741
741
740
740
739
736
736
736
736
735
734
734
733
732
731
730
730
729
727
727
727
726
726
725
724
721
720
719
716
713
712
711
710
709
709
709
708
707
705
704
703
699
698
698
697
696
692
692
690
687
686
684
683
683
683
681
679
679
678
677
669
668
668
667
667
667
666
666
661
660
657
655
654
653
652
652
651
651
650
650
649
649
648
647
646
646
645
644
644
644
643
643
642
642
641
638
637
637
637
637
636
636
636
635
635
635
635
634
633
633
633
632
630
629
628
628
627
627
627
626
625
625
624
622
622
622
621
620
620
620
620
619
618
618
618
617
617
616
616
616
615
614
613
612
611
611
611
611
610
609
609
609
609
607
607
605
605
604
604
603
602
602
600
600
600
599
599
599
598
597
597
597
596
595
594
594
593
593
591
591
591
590
590
590
589
589
588
588
588
585
585
585
584
583
583
583
583
581
580
578
577
577
577
576
575
574
573
572
572
572
570
569
568
567
564
564
562
557
554
553
552
550
547
543
542
542
538
535
535
534
532
532
529
529
528
528
526
526
522
519
517
496
489
471
462
457
448
355
321
3806
3638
3603
3603
3503
3396
3170
2892
2882
2841
2812
2811
2716
2481
2385
2334
2315
2268
2258
2190
2184
2127
2112
2045
2029
1972
1956
1841
1787
1735
1735
1467
1396
1331
1177
1151
993
956
892
868
849
825
792
786
785
780
778
778
776
776
776
776
776
774
774
773
773
771
770
770
769
768
768
768
767
766
765
765
765
765
763
762
758
758
757
756
756
756
755
755
755
754
754
754
751
750
749
749
749
749
749
749
748
747
747
746
746
745
744
744
743
743
743
742
742
742
742
741
740
740
739
739
739
739
739
737
737
737
737
737
736
736
736
735
735
735
733
733
732
732
732
732
731
731
730
729
729
727
727
726
724
723
723
723
723
719
719
719
718
717
715
715
715
714
713
713
712
712
712
711
711
710
708
708
708
707
707
703
701
700
700
700
699
699
698
698
698
696
695
695
694
692
691
690
690
690
690
689
688
688
688
686
680
678
675
675
675
674
670
669
668
668
668
666
665
663
662
660
659
659
655
654
653
653
653
650
650
649
648
647
647
647
647
643
642
641
640
639
639
639
639
638
638
637
637
636
636
635
634
633
631
631
630
629
629
629
628
628
628
627
626
626
625
625
625
625
625
625
624
623
621
621
620
619
618
618
618
618
616
615
614
614
614
613
612
611
611
610
610
609
608
608
607
607
607
605
605
603
603
602
602
601
601
600
599
598
598
598
598
597
597
597
596
596
596
596
595
594
593
593
592
592
591
591
591
590
590
590
589
589
588
587
586
585
584
584
583
582
582
582
581
581
580
580
579
579
578
578
575
575
575
574
574
574
573
573
572
571
569
569
569
567
566
566
566
565
564
562
560
559
559
558
557
557
550
550
548
531
531
528
526
526
525
524
523
523
523
523
522
522
520
520
517
515
513
513
511
510
510
509
502
467
467
467
459
442
431
389
191
78
5156
5114
4704
4560
3899
3743
3671
3624
3612
3435
3159
3120
3028
2948
2868
2811
2771
2620
2436
2083
1885
1802
1763
1759
1754
1702
1635
1601
1457
1378
1211
1185
1137
1094
1040
1029
884
802
799
799
798
798
797
796
795
795
794
794
793
793
792
792
791
791
790
790
790
789
787
787
787
786
786
786
786
784
783
783
782
781
781
781
781
780
779
778
778
778
777
777
775
774
773
773
773
773
773
773
773
773
773
771
770
770
769
768
768
768
767
766
766
765
765
765
764
761
761
760
760
758
758
758
757
757
756
756
756
755
755
755
754
754
754
753
752
752
751
751
751
749
749
748
748
745
745
745
745
745
744
743
743
743
742
742
742
741
740
740
739
739
738
737
737
736
735
734
734
733
732
732
730
729
728
728
727
727
727
726
726
724
724
724
723
723
721
720
720
718
718
717
716
709
709
707
706
704
702
702
699
699
698
697
696
694
690
689
689
688
687
687
686
686
685
684
683
682
681
681
678
678
676
675
674
673
668
668
668
667
666
666
662
662
662
661
660
659
659
658
657
656
656
655
655
654
652
651
650
648
646
646
646
645
645
645
644
644
644
643
642
642
641
640
640
640
640
640
640
639
639
637
636
636
635
634
634
634
634
632
630
630
630
629
629
629
628
628
627
626
626
624
624
624
623
623
623
621
621
620
618
618
617
616
616
615
614
614
613
613
612
611
611
610
608
608
608
607
607
606
606
605
605
605
604
603
603
602
601
601
601
601
600
599
599
598
597
595
595
594
593
593
592
592
591
590
590
589
589
588
587
587
587
586
585
582
582
582
582
581
581
579
578
578
578
578
577
576
575
575
574
574
572
571
570
568
567
565
565
563
561
559
558
556
551
547
547
539
536
536
536
536
536
536
535
535
535
533
533
532
532
530
529
529
527
517
511
510
504
337
336
207
4656
4502
3522
3472
3322
3190
3157
3152
3106
3005
3004
2980
2932
2864
2784
2607
2582
2461
2383
2358
2345
2078
2050
1849
1684
1681
1644
1613
1579
1556
1509
1394
1091
1033
1025
1021
976
914
829
827
802
802
802
801
800
799
798
798
795
795
794
792
792
791
790
790
788
784
784
783
782
782
782
782
782
780
779
779
779
778
778
777
777
776
776
775
774
774
774
774
773
773
772
772
771
771
771
770
770
769
769
768
768
768
768
767
767
766
765
765
764
764
764
762
760
760
759
759
759
758
758
757
757
757
757
756
755
755
754
754
753
753
752
752
752
752
751
751
751
751
750
750
750
750
748
747
747
747
747
746
745
743
742
742
741
741
740
739
739
738
738
738
737
737
737
737
736
734
734
733
732
731
731
730
729
725
725
724
724
724
720
720
719
717
716
714
713
708
706
706
705
705
705
705
702
701
700
699
698
697
697
696
696
695
694
694
693
693
692
688
688
687
683
683
682
680
680
679
676
675
675
668
665
660
659
657
656
656
654
654
653
653
650
650
647
647
647
647
646
646
646
643
643
643
642
641
640
640
638
637
637
637
637
637
636
635
634
634
634
634
633
633
633
633
632
630
630
629
629
628
628
627
627
626
626
626
625
625
624
624
624
624
623
622
622
621
620
620
620
619
619
619
618
616
615
615
615
615
614
611
611
611
611
611
610
609
609
609
608
608
608
607
607
606
606
606
605
603
603
602
602
601
601
601
600
600
599
598
598
598
597
597
596
596
596
595
595
592
592
591
591
591
590
590
590
589
589
587
587
587
587
585
585
584
582
582
581
581
580
579
579
579
576
575
573
573
572
571
568
566
564
564
563
559
559
556
553
552
541
541
537
536
536
535
535
535
535
534
534
533
533
532
531
531
531
531
530
527
526
524
516
514
508
499
495
481
464
389
345
165
4480
4142
4092
4071
3476
3469
3456
3371
3287
3217
3211
3171
3005
2822
2717
2500
2423
2285
2220
2194
2118
2000
1976
1975
1951
1944
1881
1816
1616
1606
1578
1574
1380
1307
1222
1219
1219
1189
1158
1003
899
836
802
800
799
798
797
796
795
794
794
793
793
791
790
790
788
788
787
787
787
787
787
786
786
785
785
784
781
781
781
781
781
781
781
781
780
780
780
779
777
774
774
773
773
771
771
770
770
769
769
769
768
768
767
766
766
766
765
765
764
764
764
762
762
760
760
760
760
759
759
759
758
758
758
758
758
758
757
756
756
755
755
754
754
753
753
752
752
752
752
751
750
750
750
749
749
748
747
746
746
745
745
745
743
742
742
740
739
739
738
737
736
735
735
732
732
731
730
729
727
727
725
724
724
722
719
718
715
712
712
709
708
707
707
705
704
704
702
702
701
699
699
698
697
696
695
694
694
693
693
693
693
692
692
691
691
690
690
690
688
688
686
686
682
682
679
677
676
675
675
675
674
673
669
668
668
666
665
665
664
664
663
660
660
655
654
652
651
650
650
650
649
648
648
647
647
646
646
644
644
643
642
641
640
640
638
638
638
637
637
636
636
636
635
635
635
634
634
632
631
629
627
626
626
626
625
624
623
623
623
623
622
621
620
620
620
618
618
617
616
616
615
615
615
614
613
613
611
610
610
610
610
608
608
608
607
607
606
605
604
603
602
602
601
601
599
599
599
599
598
597
597
597
596
595
595
594
593
592
591
591
590
590
589
589
589
589
588
587
586
586
586
584
584
584
583
583
583
581
581
581
580
579
578
578
577
576
575
575
573
572
572
571
571
569
568
567
567
565
564
562
561
554
551
548
547
545
543
540
536
536
536
536
535
534
534
533
533
533
532
532
532
532
531
530
529
529
528
527
525
524
524
510
510
494
492
483
450
99
3992
3964
3930
3901
3890
3843
3818
3816
3751
3725
3628
3597
3444
3318
3199
3053
3021
3021
2881
2632
2488
2472
2156
2152
2082
2045
2031
1995
1973
1954
1802
1601
1404
1354
1328
1234
1175
1172
1162
1151
1123
1109
928
898
805
798
798
793
792
791
786
784
784
783
782
782
781
781
779
776
775
775
775
774
774
774
773
773
772
772
771
771
770
770
769
769
768
768
768
767
767
765
764
764
764
763
763
763
762
762
761
761
760
759
759
759
759
759
758
758
757
756
756
755
755
753
752
752
752
751
750
750
749
748
748
748
747
744
743
743
743
742
742
741
741
740
740
740
739
739
739
739
738
737
737
735
735
734
734
734
733
733
733
733
733
732
732
731
731
730
729
725
725
721
720
719
719
717
716
716
715
715
715
713
713
713
709
709
708
706
704
703
700
698
697
697
697
694
692
691
690
690
688
687
686
685
685
682
681
681
680
680
679
676
674
673
671
670
669
669
664
662
662
662
661
660
659
659
657
657
657
656
653
653
650
650
650
649
648
647
645
644
643
642
642
639
639
639
637
637
636
635
634
631
631
631
630
630
629
629
628
628
628
627
627
626
625
625
624
624
623
623
623
623
623
622
621
621
620
620
620
618
618
617
615
614
614
614
613
612
612
612
611
611
610
608
608
608
608
607
607
606
606
605
604
603
602
602
602
602
602
602
601
601
600
600
600
600
599
599
599
598
597
596
596
595
595
594
593
593
593
593
593
593
592
592
591
591
590
590
588
588
587
587
586
586
586
584
583
583
583
583
583
582
582
581
581
580
580
578
578
578
577
577
577
576
573
573
572
571
571
569
568
568
567
564
563
563
563
562
558
556
556
550
547
543
540
539
536
534
534
534
534
533
533
532
531
530
530
530
529
529
529
528
527
527
524
520
518
516
514
513
510
510
482
481
455
446
351
350
4626
3825
3671
3654
3193
2990
2978
2899
2830
2733
2699
2686
2663
2641
2602
2579
2471
2391
2364
2292
2277
2141
1992
1960
1922
1454
1453
1385
1308
1181
1178
1121
1085
1062
1038
1032
897
849
792
787
778
775
775
769
762
758
757
755
753
751
749
747
747
746
746
745
744
743
743
743
742
741
741
740
739
739
739
738
737
737
737
736
735
734
734
733
733
733
733
731
731
731
731
730
730
729
728
727
725
724
724
723
723
722
722
722
721
719
719
718
717
716
716
715
715
715
714
714
714
714
713
713
712
712
712
711
711
710
707
707
707
706
705
705
704
704
704
704
703
703
703
702
702
701
701
701
700
700
700
698
697
697
696
696
696
696
694
694
693
692
692
691
691
691
691
690
690
690
689
689
689
687
687
687
685
685
683
683
683
682
680
680
679
679
679
677
675
674
674
674
673
672
671
670
670
669
668
668
668
666
666
665
664
661
661
660
658
658
658
654
653
653
652
651
651
651
650
649
645
643
643
643
639
638
637
637
636
636
635
635
635
634
634
633
633
633
632
631
631
630
628
627
626
624
623
623
623
623
622
622
622
622
621
621
621
621
621
619
619
619
618
617
617
616
615
614
614
612
612
611
611
611
610
609
609
609
608
608
608
608
608
607
606
606
606
605
605
605
604
603
602
602
601
601
601
600
599
599
599
597
596
596
595
595
595
595
595
593
593
593
593
592
592
591
591
591
590
590
590
590
589
589
589
589
589
588
588
587
587
586
586
585
585
585
584
584
584
583
583
582
581
581
581
581
580
579
579
578
578
577
576
576
575
575
575
572
572
571
570
568
567
567
567
567
566
565
564
564
563
562
562
559
558
557
557
557
556
556
555
555
554
554
547
544
540
538
535
535
535
534
532
530
530
529
528
528
526
525
518
518
512
496
488
478
464
462
461
449
438
279
3997
3777
3697
3610
3404
3242
3226
3223
3223
3203
3201
3176
3116
3101
3088
3031
2953
2893
2475
2435
2327
2164
2110
1844
1792
1741
1735
1701
1671
1558
1436
1404
1336
1304
1205
1201
1107
1073
938
879
858
855
802
801
801
801
800
800
800
798
797
797
796
795
794
794
792
791
789
789
788
787
786
786
786
785
784
784
783
783
783
782
781
780
780
780
779
779
779
779
778
778
778
776
776
776
776
774
774
773
771
771
770
770
769
769
768
767
766
766
765
764
763
763
763
762
762
761
761
761
760
759
759
758
758
757
757
757
756
755
755
755
755
754
753
753
752
751
751
751
750
750
750
750
749
749
748
748
747
747
747
746
746
745
744
744
743
742
741
741
740
740
739
739
737
737
737
737
736
734
734
731
730
729
726
726
725
725
723
722
722
721
719
714
709
709
707
706
705
704
701
701
700
700
699
699
699
698
696
696
694
693
692
692
688
688
688
687
687
686
686
682
682
681
680
680
678
678
678
675
675
674
674
673
670
669
666
665
663
663
662
661
660
659
659
658
656
655
653
652
651
649
648
645
644
644
644
641
641
641
641
641
640
639
639
638
638
637
635
635
634
634
633
633
632
632
630
630
630
630
630
629
628
628
628
628
627
626
626
624
624
623
622
622
621
621
620
619
618
618
618
617
617
617
616
615
615
615
615
614
613
612
612
612
610
608
608
607
607
606
606
606
605
605
604
602
602
601
601
600
600
600
598
597
596
595
595
594
594
593
593
593
593
592
592
590
589
589
589
589
588
588
588
587
587
587
587
586
585
585
585
584
581
581
580
580
580
579
579
578
575
574
574
573
572
572
570
570
567
567
565
564
562
562
559
559
553
553
549
547
545
543
543
543
540
536
536
536
536
535
535
535
534
534
534
533
533
533
533
532
531
529
526
526
525
524
494
494
457
431
4633
4612
4574
4565
4407
4390
4350
4327
4303
4293
4258
3768
3708
2804
2802
2749
2625
2546
2480
2437
2414
2410
2302
2263
2163
2143
1888
1852
1848
1841
1816
1705
1679
1636
1592
1508
1494
1450
1419
1380
1373
1357
1338
1302
1254
1216
1203
1160
1148
1138
1132
1122
1120
1114
1082
1069
1048
1037
1028
1017
1003
989
947
936
934
926
922
921
915
900
896
886
860
857
849
848
834
833
833
832
820
806
805
802
802
802
801
800
800
798
798
798
797
795
794
793
793
793
791
790
787
785
783
782
782
781
781
777
776
776
776
776
776
775
775
773
771
771
769
769
768
768
767
766
766
766
765
765
764
764
763
763
762
762
759
759
757
756
756
755
754
754
753
753
753
753
751
751
750
749
749
749
749
748
748
744
743
742
742
742
741
740
738
737
736
736
733
733
733
732
732
730
728
728
728
727
726
726
725
724
723
723
723
722
717
716
716
714
712
711
710
709
709
709
709
706
706
703
702
701
700
699
699
696
696
695
691
691
688
687
686
686
685
685
684
682
680
678
677
677
676
675
673
671
670
670
669
667
667
663
660
658
658
657
656
654
652
651
650
646
645
645
644
643
643
640
640
640
639
639
639
638
636
635
634
634
633
633
633
632
632
632
629
629
628
627
626
626
623
621
621
621
621
621
620
620
618
618
617
617
616
615
615
613
612
612
612
612
611
611
611
611
611
610
610
610
610
608
607
607
606
606
606
605
605
604
602
600
599
599
598
598
597
597
596
596
596
596
596
596
596
595
594
594
592
592
591
590
590
590
590
589
588
588
588
588
586
586
585
584
583
582
582
582
582
581
579
578
577
575
575
574
574
573
572
572
572
572
569
566
565
563
563
557
556
555
549
543
543
538
537
536
536
536
535
535
535
534
534
534
534
534
533
532
532
531
531
531
531
528
528
515
515
512
510
501
489
436
434
363
4382
4083
3641
3604
3603
3570
3559
3557
3441
3348
3335
2916
2902
2730
2724
2581
2541
2536
2518
2518
2507
2321
2320
2157
2022
1941
1844
1735
1714
1583
1537
1514
1369
1345
1312
1287
1265
1186
1150
1149
1120
1077
1072
1071
1068
1060
1024
1016
1007
981
972
945
916
894
891
890
869
857
843
831
831
820
814
812
805
805
800
800
800
799
799
798
797
797
795
794
791
791
791
790
789
789
789
788
788
788
788
787
787
782
781
780
780
780
780
779
779
779
778
777
777
776
776
776
776
774
774
773
772
772
771
771
770
769
769
768
767
767
767
767
766
766
766
766
766
765
765
765
765
764
764
762
761
761
760
760
760
759
758
757
757
757
756
755
755
755
754
754
754
754
753
751
751
750
750
749
749
749
749
749
748
747
746
745
743
742
741
740
739
739
738
737
736
736
733
733
730
730
729
729
729
727
727
726
726
725
725
725
724
724
723
723
722
721
721
721
719
717
716
715
714
714
714
713
713
712
711
711
709
708
707
705
705
705
705
704
704
700
699
699
699
695
692
689
686
685
685
685
683
682
681
680
678
674
673
670
668
667
666
666
665
665
665
662
662
661
659
657
657
657
656
655
654
654
649
648
647
647
647
647
646
643
643
643
643
642
641
641
641
640
640
639
638
638
638
635
635
635
634
633
633
633
632
632
632
630
629
629
627
626
625
622
622
621
621
621
621
620
618
617
615
613
612
612
611
611
611
611
610
609
609
608
607
607
606
606
605
605
605
604
601
601
601
600
600
599
599
599
594
594
594
593
593
593
593
593
592
592
592
591
590
590
589
588
588
586
586
586
584
583
583
582
582
582
581
579
577
577
577
577
572
569
568
568
566
566
565
564
561
554
548
548
545
544
540
539
536
536
536
536
536
536
536
536
535
534
534
533
533
531
530
524
520
511
510
510
494
484
483
470
3993
3972
3967
3903
3888
3322
3303
3269
3107
3096
3048
2746
2740
2714
2678
2538
2437
2432
2201
2165
2155
2104
2085
2066
1960
1938
1798
1745
1738
1473
1431
1388
1333
1318
1290
1238
1217
1168
1002
989
862
840
816
801
801
800
800
797
797
796
794
791
791
791
790
790
789
789
789
787
787
785
784
783
783
782
780
780
780
779
779
778
778
778
777
777
776
776
776
775
775
775
775
774
773
773
773
772
772
770
770
769
769
768
768
768
767
767
767
767
766
765
765
764
764
763
762
762
761
761
761
760
758
757
757
757
757
756
756
755
754
754
754
754
752
752
752
751
750
750
750
749
749
748
748
748
747
746
746
744
744
744
742
741
741
739
739
739
739
738
737
737
735
735
734
733
733
732
731
730
729
728
726
724
723
722
717
717
715
712
711
705
705
705
704
703
702
700
697
695
695
694
693
692
692
692
690
690
688
688
686
686
686
686
684
684
684
683
682
680
680
680
679
676
675
673
671
671
670
669
669
666
665
663
663
660
659
659
658
657
657
656
655
654
654
651
650
650
649
649
648
648
646
646
646
643
642
642
642
641
641
641
641
640
639
639
638
637
637
635
635
635
635
634
633
633
633
632
632
632
630
629
628
628
627
627
627
626
626
625
625
623
623
623
623
623
620
620
619
619
617
616
613
612
611
611
611
610
610
610
609
609
608
606
605
605
605
604
604
604
604
603
602
602
601
600
599
598
598
597
597
596
596
596
596
594
594
594
593
593
593
593
592
591
590
589
589
588
588
587
587
587
587
586
585
584
584
582
581
580
580
579
579
579
578
576
576
574
574
572
572
570
569
567
565
564
563
563
562
561
558
554
547
546
534
534
534
534
534
534
534
534
533
533
532
532
531
531
530
529
529
529
528
528
528
525
523
523
518
518
514
512
511
510
509
509
497
492
460
193
3666
3460
3229
3186
3143
3027
2983
2960
2855
2803
2795
2792
2781
2763
2748
2733
2590
2504
2259
2238
2026
2005
1971
1776
1775
1749
1657
1630
1587
1586
1516
1512
1452
1371
1334
1316
1248
1195
1156
1140
1123
1112
1084
1039
1028
967
923
891
874
812
800
800
800
800
798
795
794
794
794
793
793
792
790
790
790
789
789
788
788
788
786
786
786
786
784
784
783
783
781
781
780
779
779
778
778
777
777
776
776
775
774
773
773
771
770
769
768
768
767
767
765
764
764
763
762
762
762
762
762
760
760
760
760
759
759
758
757
757
757
757
756
755
755
754
754
754
754
753
752
752
751
750
750
749
749
749
749
749
749
748
747
747
747
746
745
745
744
744
743
741
741
740
740
739
738
738
737
736
734
734
733
731
731
728
728
726
725
724
722
722
720
719
717
716
716
715
714
714
710
709
708
706
705
704
703
702
702
700
700
698
698
698
697
697
697
693
693
693
691
691
691
690
688
688
685
684
684
684
684
682
681
681
681
681
681
678
677
675
675
673
672
670
668
668
666
664
663
662
662
660
656
654
653
648
648
648
647
646
646
646
646
645
644
642
642
641
641
641
639
638
637
636
635
635
634
634
633
631
631
630
630
628
628
628
626
626
625
624
624
623
623
623
622
621
620
619
619
618
618
618
617
617
616
616
616
615
614
613
613
611
609
608
608
607
606
606
605
605
604
604
603
601
601
601
601
600
599
599
599
598
598
598
597
596
595
594
594
593
593
592
592
592
591
590
590
588
587
587
587
586
586
586
585
584
583
583
582
582
582
581
581
581
580
580
579
579
578
578
578
577
575
574
574
574
573
572
571
571
568
566
564
563
561
561
560
559
558
551
550
545
544
539
536
536
536
535
535
534
534
534
533
532
532
531
530
529
529
527
521
510
510
507
504
463
437
414
398
397
335
180
3909
3614
3602
3536
3379
3280
3254
3230
3225
3149
2532
2502
2406
2376
2312
2293
2258
2159
2064
2041
1968
1965
1927
1813
1719
1659
1626
1612
1516
1482
1408
1366
1363
1079
1049
915
866
859
835
831
810
802
799
798
798
798
798
797
796
795
795
794
794
793
792
789
789
788
788
788
788
786
783
783
782
782
781
781
780
779
779
778
778
777
776
776
776
776
775
773
772
771
771
770
770
770
769
769
769
769
768
767
767
767
765
765
764
764
762
762
761
761
761
760
759
759
757
757
757
757
756
756
756
755
755
755
755
755
754
753
753
753
752
752
752
751
750
750
750
749
749
748
748
747
746
746
745
745
745
745
744
743
743
742
741
741
741
740
740
739
738
737
736
736
735
734
733
732
731
730
729
726
723
719
716
716
716
715
715
715
714
714
713
712
711
711
711
706
706
706
706
704
704
702
700
698
697
697
697
697
697
695
693
693
690
687
685
684
683
683
683
683
683
682
681
680
679
678
678
675
674
673
671
668
666
665
665
663
661
658
657
656
655
652
652
651
650
648
647
647
646
643
642
642
641
641
641
638
636
636
636
636
636
636
634
634
633
633
632
632
632
632
631
631
631
631
630
629
628
628
627
627
627
626
624
623
622
622
622
622
622
620
620
619
619
619
618
617
617
617
616
616
615
615
615
615
614
614
614
614
613
612
612
611
611
611
610
610
609
608
608
608
606
604
603
602
602
601
601
600
600
599
599
599
598
598
597
596
596
596
596
595
595
595
595
594
594
593
591
591
591
590
588
588
588
588
587
587
586
585
585
585
584
584
583
582
582
582
581
581
578
576
575
574
573
573
573
572
571
571
571
570
569
568
567
566
566
565
563
562
561
560
560
555
549
536
536
536
535
535
534
534
533
533
533
532
532
531
531
530
526
522
510
510
508
495
462
458
456
447
4330
4299
4164
4149
4132
4110
3222
3176
3089
3035
2549
2524
2425
2312
2121
2061
1969
1967
1949
1919
1863
1704
1457
1454
1394
1385
1340
1328
1326
1216
1210
1133
1130
1080
889
838
822
821
814
802
802
801
801
798
797
795
792
792
790
790
790
787
787
787
785
785
785
784
784
784
784
783
783
783
782
782
781
781
781
781
780
779
779
778
776
775
773
773
773
773
772
771
771
770
770
770
770
769
769
768
768
767
766
765
765
764
764
763
763
762
761
760
760
760
760
759
759
758
758
757
757
756
755
755
754
754
754
754
753
753
753
753
752
751
751
750
750
749
749
749
749
747
746
746
745
744
744
743
743
743
742
741
741
741
741
740
739
738
738
737
733
732
730
728
728
728
726
726
724
723
722
721
721
719
719
714
713
713
713
713
713
711
710
707
707
706
706
706
705
705
703
700
698
698
696
694
693
693
692
691
691
690
690
688
686
684
682
682
681
681
680
675
675
674
673
672
672
672
671
668
668
667
662
661
658
657
656
655
654
654
654
654
650
648
648
647
646
646
646
645
645
645
645
643
643
642
639
638
638
637
637
636
635
634
634
633
630
630
629
628
628
628
627
627
626
625
625
624
624
624
624
622
621
621
621
621
620
620
619
619
618
618
617
617
617
615
615
615
614
614
613
612
612
611
611
611
608
607
606
606
604
603
603
602
601
601
599
599
599
598
598
598
598
597
597
596
595
594
593
593
591
590
590
590
589
589
589
589
589
588
587
586
586
585
585
584
583
583
583
583
581
581
581
579
578
578
577
577
576
575
575
575
574
574
573
572
572
570
569
568
567
567
567
564
564
563
558
557
555
551
550
550
538
536
536
535
535
535
535
535
535
535
534
533
533
533
533
532
532
532
531
531
531
528
527
526
526
525
524
524
518
510
510
496
493
468
467
436
134
88
3081
3075
3044
3016
2994
2981
2979
2959
2916
2885
2780
2587
2582
2574
2413
2142
2127
2114
2082
2062
2055
2016
1944
1915
1817
1806
1684
1360
1327
1315
1153
1044
1042
1003
989
899
878
857
844
802
802
802
801
799
798
798
798
798
798
796
795
795
793
792
792
790
790
787
787
787
786
786
785
785
784
784
782
781
781
780
780
780
780
779
778
778
776
775
775
774
774
774
772
771
770
770
769
769
768
768
768
767
767
767
767
766
766
765
765
764
764
762
762
762
761
761
761
760
759
758
758
757
757
757
756
756
756
756
756
755
755
755
753
752
752
752
752
750
750
749
747
747
747
746
746
746
746
745
744
743
743
742
741
741
739
739
739
738
738
737
735
735
735
733
733
732
732
731
729
729
727
725
724
722
720
719
718
718
717
714
714
714
712
709
709
708
707
704
701
701
698
695
695
694
694
693
693
692
692
690
690
690
689
689
688
688
686
685
684
682
681
681
680
679
679
677
676
676
675
675
674
674
671
668
666
664
664
664
660
660
660
659
657
656
654
652
651
650
650
650
649
649
649
649
648
648
647
646
646
644
644
643
642
642
641
641
640
640
640
639
637
636
636
635
634
634
633
633
632
632
631
631
629
629
629
628
627
627
627
626
626
626
625
625
625
625
622
622
621
621
619
619
619
619
617
616
616
615
615
615
614
614
613
613
613
612
611
611
611
611
608
608
608
607
605
604
604
603
603
602
601
600
600
600
600
600
600
600
599
598
598
598
597
596
596
596
595
595
595
594
593
593
590
590
589
588
588
588
588
587
586
581
581
581
580
580
580
579
579
577
577
577
576
575
575
573
573
572
572
569
568
567
567
565
563
562
562
554
550
550
548
544
542
541
540
536
536
535
535
534
534
533
533
532
532
531
531
531
531
529
526
524
516
510
510
509
494
479
436
330
3982
3833
3814
3331
3320
3304
3265
3039
3038
2943
2899
2635
2282
2242
2095
2068
1981
1965
1962
1947
1929
1919
1886
1876
1806
1687
1612
1492
1393
1363
1343
1237
1105
1061
1027
1004
998
968
800
799
799
799
797
794
791
791
791
789
789
788
788
786
785
784
784
783
783
783
782
781
780
779
779
779
778
778
778
777
776
774
773
773
772
772
772
772
771
770
770
770
770
769
769
768
768
768
767
766
766
765
765
764
764
763
763
762
760
760
760
759
759
758
758
758
758
757
757
757
757
755
754
753
753
753
753
752
751
751
751
750
749
749
749
748
748
747
747
746
746
746
745
742
742
740
740
740
739
738
738
737
737
736
735
735
735
733
730
728
728
728
724
724
723
723
722
719
718
716
716
714
714
713
713
712
712
711
711
710
709
709
708
708
707
706
704
704
702
702
702
701
700
696
695
693
692
691
689
687
686
686
685
684
683
681
681
680
678
677
677
676
675
675
675
675
674
674
673
672
672
671
669
667
667
664
663
662
661
661
660
657
657
656
654
654
654
650
648
648
647
642
640
640
640
639
639
638
638
637
637
636
633
633
633
633
632
632
631
630
630
630
629
628
628
628
627
627
627
625
625
624
623
622
622
622
621
620
620
618
618
618
618
617
617
617
617
617
617
617
615
615
615
614
614
614
612
612
611
610
610
609
609
609
608
607
605
605
605
605
605
604
603
603
603
601
601
601
600
600
598
598
598
598
597
597
596
595
594
594
594
593
593
592
592
591
591
590
590
589
589
589
589
588
588
586
586
585
585
585
584
583
583
583
581
580
579
578
577
577
576
576
574
572
572
568
567
567
565
564
564
563
558
555
553
552
552
551
547
545
536
536
536
536
535
535
535
535
535
534
534
533
533
533
533
532
532
531
531
528
528
526
525
520
518
510
510
501
489
485
479
383
3362
3261
3250
3226
3165
3157
2827
2796
2624
2582
2575
2552
2506
2503
2441
2432
2410
2182
2001
1996
1866
1818
1813
1781
1656
1629
1496
1467
1448
1384
1374
1348
1328
1327
1257
1231
1190
1002
954
802
801
801
800
800
798
797
797
796
795
793
793
792
792
791
791
790
790
790
789
786
786
783
783
782
782
782
782
781
780
779
779
779
779
776
775
775
774
774
773
772
772
771
771
771
771
771
771
770
770
770
770
768
768
767
767
766
765
765
764
763
763
762
760
760
760
760
759
759
758
758
757
757
756
755
755
754
753
753
753
752
752
752
751
751
750
750
750
750
747
746
746
746
745
745
744
744
743
742
741
741
741
739
739
738
738
737
737
736
736
735
735
734
734
732
732
732
731
730
729
728
726
726
726
725
725
724
724
720
717
717
716
716
716
715
714
709
709
709
709
708
707
706
705
703
703
702
701
700
699
697
696
696
695
695
691
690
690
689
687
685
685
685
683
682
681
681
681
680
680
679
677
675
671
671
670
670
669
668
667
665
664
664
663
663
659
659
659
657
657
656
655
654
654
653
652
650
650
648
646
645
644
644
642
642
640
639
639
639
638
638
638
637
635
635
635
635
635
635
635
635
634
634
634
634
633
633
630
629
629
627
626
626
626
626
624
624
623
622
622
621
620
618
618
618
617
617
616
616
612
611
611
610
610
610
609
608
607
607
607
607
607
606
605
604
603
603
603
602
602
601
600
600
600
599
599
599
599
598
597
597
594
593
592
592
592
592
591
591
591
591
590
589
589
588
587
587
586
586
586
586
586
585
584
584
583
583
583
582
581
578
578
577
577
576
576
575
575
575
573
573
573
571
567
566
565
564
564
560
559
557
553
552
544
539
537
536
536
536
535
535
535
534
534
532
532
532
531
528
527
523
521
518
516
510
510
500
494
486
480
473
5200
3188
3168
3108
3093
3013
2965
2876
2863
2827
2636
2550
2503
2498
2497
2413
2393
2386
2385
2359
2064
2009
2001
1890
1617
1607
1501
1497
1382
1338
1325
1308
1230
1209
1175
1162
1150
1149
1020
808
794
785
769
762
755
755
742
738
730
707
705
698
689
688
680
678
673
669
663
655
654
650
650
640
638
635
630
628
627
624
623
618
617
605
604
603
602
602
601
599
599
598
596
596
595
594
592
591
590
590
588
587
587
586
585
584
580
578
575
572
572
572
570
570
568
567
566
565
565
564
562
561
561
559
559
559
559
558
558
558
555
555
555
554
554
554
553
553
552
551
551
551
550
550
549
547
546
546
545
545
545
545
545
545
544
544
544
544
544
543
542
542
542
541
541
541
540
540
540
540
540
539
539
539
537
537
536
536
536
535
535
535
534
534
534
534
533
533
533
532
532
532
531
530
530
530
529
528
528
527
526
523
521
520
520
518
518
518
517
517
517
517
516
516
516
514
514
513
513
513
513
512
511
511
510
510
510
510
510
509
509
508
508
507
506
505
505
505
504
503
503
503
503
503
503
502
502
502
501
501
500
500
499
498
498
495
495
494
494
493
493
493
492
492
492
491
490
490
490
489
489
489
489
488
488
488
488
487
487
487
487
487
486
486
486
486
484
483
483
483
482
481
480
480
480
480
480
479
479
478
478
477
476
476
474
473
473
472
471
471
470
469
469
469
468
468
467
467
463
463
461
460
458
457
456
455
455
453
451
450
450
450
450
449
447
446
445
444
442
440
439
438
437
436
435
434
434
434
433
432
432
432
431
429
426
424
424
423
423
420
416
415
413
409
402
392
386
367
367
365
363
360
359
359
359
358
358
357
357
357
356
355
354
354
353
353
352
350
350
348
348
348
348
347
346
342
342
341
337
336
330
323
323
321
320
314
309
293
194
136
4679
4676
4201
4026
3946
3921
3825
3706
3333
3238
3104
3097
2881
2846
2777
2684
2671
2563
2533
2287
2138
1923
1891
1889
1878
1744
1722
1652
1574
1533
1464
1319
1290
1275
1252
1216
1045
978
948
870
825
823
822
819
789
786
785
784
783
782
782
781
779
779
776
776
774
774
772
772
771
770
769
769
769
768
768
768
764
764
762
762
762
761
761
760
760
760
760
760
760
759
759
758
757
756
755
755
755
753
753
752
751
751
751
750
750
749
748
748
747
746
746
745
745
745
744
744
743
743
742
742
742
741
740
739
739
739
739
739
738
738
738
737
736
736
735
735
735
734
734
734
734
734
730
730
730
729
729
728
728
728
726
726
726
726
725
725
724
724
724
723
722
722
722
722
720
720
718
717
717
715
715
714
711
711
710
708
707
707
700
696
696
690
690
690
689
688
686
685
684
682
682
682
681
680
678
678
677
676
675
674
673
672
672
670
669
668
667
667
666
666
665
664
664
663
663
663
663
660
660
658
657
656
655
652
652
652
650
650
646
645
645
644
644
643
643
642
642
642
642
639
636
636
635
633
631
631
630
630
630
630
629
628
628
627
626
625
624
624
624
624
622
622
622
622
621
620
620
620
620
619
617
617
616
616
615
614
614
613
613
612
612
612
611
610
610
609
607
606
606
606
606
606
605
605
604
604
604
603
603
603
602
601
601
601
600
599
599
598
598
598
598
597
597
595
594
593
593
593
593
592
592
591
590
590
589
589
589
588
588
587
587
586
586
585
585
584
583
582
582
581
581
581
580
580
580
579
579
578
578
577
577
576
574
574
573
572
570
570
569
568
568
567
567
566
565
564
563
562
560
560
558
558
558
557
553
549
547
542
535
532
530
526
525
525
523
522
520
520
519
519
516
516
515
515
515
513
511
511
509
504
490
482
477
464
459
394
283
202
4539
4122
3688
3660
3486
3366
3318
3306
2955
2664
2658
2548
2518
2411
2206
2135
2098
2043
2009
1888
1749
1747
1571
1536
1525
1493
1471
1410
1409
1406
1299
1286
1286
1160
1146
1113
1025
1016
1001
801
798
795
795
794
794
791
791
790
790
786
785
785
784
783
783
783
782
781
781
781
781
779
779
777
777
776
776
776
774
773
772
772
772
771
771
770
770
770
769
769
768
768
766
766
766
766
766
765
765
764
764
763
763
763
762
761
760
760
760
760
759
758
758
757
756
756
756
756
755
755
755
755
754
754
753
753
753
751
751
750
750
749
749
749
748
748
748
748
747
746
745
745
745
745
745
745
744
743
743
742
742
741
740
740
739
739
739
738
738
738
737
737
736
736
736
735
735
734
732
730
728
727
726
725
723
721
720
719
719
717
715
713
711
711
708
707
707
705
704
704
701
700
700
699
699
698
698
698
697
697
695
693
692
691
690
690
690
689
688
688
688
687
687
687
685
684
681
677
676
675
675
675
674
673
673
671
671
671
670
669
666
661
661
661
659
659
657
657
656
655
655
655
654
652
652
652
652
650
648
648
646
646
645
643
642
641
641
641
640
639
638
638
638
637
637
637
635
633
633
633
632
632
631
630
630
630
629
629
629
628
628
627
626
626
625
625
625
625
624
624
622
621
621
620
619
618
618
618
617
617
616
616
616
616
614
614
614
613
613
611
610
609
609
609
609
609
609
608
607
606
606
606
606
605
605
603
602
601
600
600
599
598
598
598
594
593
592
592
592
592
590
590
590
590
589
589
587
585
585
584
584
584
584
583
583
583
582
580
580
579
578
577
575
574
574
573
572
571
570
569
568
568
566
562
561
560
554
545
544
539
537
536
536
536
536
536
535
535
535
534
534
534
533
533
533
531
530
529
527
519
515
514
510
507
499
487
468
417
410
405
4306
4283
4262
3608
3557
3498
3270
3235
3021
2922
2867
2824
2811
2788
2775
2773
2768
2768
2762
2709
2701
2699
2685
2654
2433
2414
1888
1839
1484
1447
1433
1413
1304
1277
1193
1162
1147
1067
936
927
853
837
803
801
801
800
800
799
799
797
795
795
794
794
792
791
791
790
790
790
788
788
788
786
786
785
785
783
782
782
782
781
781
781
781
780
780
778
777
777
776
775
775
775
775
773
773
773
772
772
771
771
771
769
769
769
768
768
768
768
767
767
766
766
766
765
764
763
762
762
760
759
758
757
757
756
755
755
755
755
754
754
753
753
752
751
751
751
751
751
750
750
749
749
749
748
748
748
748
747
747
746
746
745
745
744
743
743
743
742
742
741
741
740
740
739
736
736
736
736
735
734
734
733
732
731
730
730
729
727
727
727
726
726
725
724
721
720
719
716
713
712
711
710
709
709
709
708
707
705
704
703
699
698
698
697
696
692
692
690
687
686
684
683
683
683
681
679
679
678
677
669
668
668
667
667
667
666
666
661
660
657
655
654
653
652
652
651
651
650
650
649
649
648
647
646
646
645
644
644
644
643
643
642
642
641
638
637
637
637
637
636
636
636
635
635
635
635
634
633
633
633
632
630
629
628
628
627
627
627
626
625
625
624
622
622
622
621
620
620
620
620
619
618
618
618
617
617
616
616
616
615
614
613
612
611
611
611
611
610
609
609
609
609
607
607
605
605
604
604
603
602
602
600
600
600
599
599
599
598
597
597
597
596
595
594
594
593
593
591
591
591
590
590
590
589
589
588
588
588
585
585
585
584
583
583
583
583
581
580
578
577
577
577
576
575
574
573
572
572
572
570
569
568
567
564
564
562
557
554
553
552
550
547
543
542
542
538
535
535
534
532
532
529
529
528
528
526
526
522
519
517
496
489
471
462
457
448
355
321
3806
3638
3603
3603
3503
3396
3170
2892
2882
2841
2812
2811
2716
2481
2385
2334
2315
2268
2258
2190
2184
2127
2112
2045
2029
1972
1956
1841
1787
1735
1735
1467
1396
1331
1177
1151
993
956
892
868
849
825
792
786
785
780
778
778
776
776
776
776
776
774
774
773
773
771
770
770
769
768
768
768
767
766
765
765
765
765
763
762
758
758
757
756
756
756
755
755
755
754
754
754
751
750
749
749
749
749
749
749
748
747
747
746
746
745
744
744
743
743
743
742
742
742
742
741
740
740
739
739
739
739
739
737
737
737
737
737
736
736
736
735
735
735
733
733
732
732
732
732
731
731
730
729
729
727
727
726
724
723
723
723
723
719
719
719
718
717
715
715
715
714
713
713
712
712
712
711
711
710
708
708
708
707
707
703
701
700
700
700
699
699
698
698
698
696
695
695
694
692
691
690
690
690
690
689
688
688
688
686
680
678
675
675
675
674
670
669
668
668
668
666
665
663
662
660
659
659
655
654
653
653
653
650
650
649
648
647
647
647
647
643
642
641
640
639
639
639
639
638
638
637
637
636
636
635
634
633
631
631
630
629
629
629
628
628
628
627
626
626
625
625
625
625
625
625
624
623
621
621
620
619
618
618
618
618
616
615
614
614
614
613
612
611
611
610
610
609
608
608
607
607
607
605
605
603
603
602
602
601
601
600
599
598
598
598
598
597
597
597
596
596
596
596
595
594
593
593
592
592
591
591
591
590
590
590
589
589
588
587
586
585
584
584
583
582
582
582
581
581
580
580
579
579
578
578
575
575
575
574
574
574
573
573
572
571
569
569
569
567
566
566
566
565
564
562
560
559
559
558
557
557
550
550
548
531
531
528
526
526
525
524
523
523
523
523
522
522
520
520
517
515
513
513
511
510
510
509
502
467
467
467
459
442
431
389
191
78
5156
5114
4704
4560
3899
3743
3671
3624
3612
3435
3159
3120
3028
2948
2868
2811
2771
2620
2436
2083
1885
1802
1763
1759
1754
1702
1635
1601
1457
1378
1211
1185
1137
1094
1040
1029
884
802
799
799
798
798
797
796
795
795
794
794
793
793
792
792
791
791
790
790
790
789
787
787
787
786
786
786
786
784
783
783
782
781
781
781
781
780
779
778
778
778
777
777
775
774
773
773
773
773
773
773
773
773
773
771
770
770
769
768
768
768
767
766
766
765
765
765
764
761
761
760
760
758
758
758
757
757
756
756
756
755
755
755
754
754
754
753
752
752
751
751
751
749
749
748
748
745
745
745
745
745
744
743
743
743
742
742
742
741
740
740
739
739
738
737
737
736
735
734
734
733
732
732
730
729
728
728
727
727
727
726
726
724
724
724
723
723
721
720
720
718
718
717
716
709
709
707
706
704
702
702
699
699
698
697
696
694
690
689
689
688
687
687
686
686
685
684
683
682
681
681
678
678
676
675
674
673
668
668
668
667
666
666
662
662
662
661
660
659
659
658
657
656
656
655
655
654
652
651
650
648
646
646
646
645
645
645
644
644
644
643
642
642
641
640
640
640
640
640
640
639
639
637
636
636
635
634
634
634
634
632
630
630
630
629
629
629
628
628
627
626
626
624
624
624
623
623
623
621
621
620
618
618
617
616
616
615
614
614
613
613
612
611
611
610
608
608
608
607
607
606
606
605
605
605
604
603
603
602
601
601
601
601
600
599
599
598
597
595
595
594
593
593
592
592
591
590
590
589
589
588
587
587
587
586
585
582
582
582
582
581
581
579
578
578
578
578
577
576
575
575
574
574
572
571
570
568
567
565
565
563
561
559
558
556
551
547
547
539
536
536
536
536
536
536
535
535
535
533
533
532
532
530
529
529
527
517
511
510
504
337
336
207
4656
4502
3522
3472
3322
3190
3157
3152
3106
3005
3004
2980
2932
2864
2784
2607
2582
2461
2383
2358
2345
2078
2050
1849
1684
1681
1644
1613
1579
1556
1509
1394
1091
1033
1025
1021
976
914
829
827
802
802
802
801
800
799
798
798
795
795
794
792
792
791
790
790
788
784
784
783
782
782
782
782
782
780
779
779
779
778
778
777
777
776
776
775
774
774
774
774
773
773
772
772
771
771
771
770
770
769
769
768
768
768
768
767
767
766
765
765
764
764
764
762
760
760
759
759
759
758
758
757
757
757
757
756
755
755
754
754
753
753
752
752
752
752
751
751
751
751
750
750
750
750
748
747
747
747
747
746
745
743
742
742
741
741
740
739
739
738
738
738
737
737
737
737
736
734
734
733
732
731
731
730
729
725
725
724
724
724
720
720
719
717
716
714
713
708
706
706
705
705
705
705
702
701
700
699
698
697
697
696
696
695
694
694
693
693
692
688
688
687
683
683
682
680
680
679
676
675
675
668
665
660
659
657
656
656
654
654
653
653
650
650
647
647
647
647
646
646
646
643
643
643
642
641
640
640
638
637
637
637
637
637
636
635
634
634
634
634
633
633
633
633
632
630
630
629
629
628
628
627
627
626
626
626
625
625
624
624
624
624
623
622
622
621
620
620
620
619
619
619
618
616
615
615
615
615
614
611
611
611
611
611
610
609
609
609
608
608
608
607
607
606
606
606
605
603
603
602
602
601
601
601
600
600
599
598
598
598
597
597
596
596
596
595
595
592
592
591
591
591
590
590
590
589
589
587
587
587
587
585
585
584
582
582
581
581
580
579
579
579
576
575
573
573
572
571
568
566
564
564
563
559
559
556
553
552
541
541
537
536
536
535
535
535
535
534
534
533
533
532
531
531
531
531
530
527
526
524
516
514
508
499
495
481
464
389
345
165
4480
4142
4092
4071
3476
3469
3456
3371
3287
3217
3211
3171
3005
2822
2717
2500
2423
2285
2220
2194
2118
2000
1976
1975
1951
1944
1881
1816
1616
1606
1578
1574
1380
1307
1222
1219
1219
1189
1158
1003
899
836
802
800
799
798
797
796
795
794
794
793
793
791
790
790
788
788
787
787
787
787
787
786
786
785
785
784
781
781
781
781
781
781
781
781
780
780
780
779
777
774
774
773
773
771
771
770
770
769
769
769
768
768
767
766
766
766
765
765
764
764
764
762
762
760
760
760
760
759
759
759
758
758
758
758
758
758
757
756
756
755
755
754
754
753
753
752
752
752
752
751
750
750
750
749
749
748
747
746
746
745
745
745
743
742
742
740
739
739
738
737
736
735
735
732
732
731
730
729
727
727
725
724
724
722
719
718
715
712
712
709
708
707
707
705
704
704
702
702
701
699
699
698
697
696
695
694
694
693
693
693
693
692
692
691
691
690
690
690
688
688
686
686
682
682
679
677
676
675
675
675
674
673
669
668
668
666
665
665
664
664
663
660
660
655
654
652
651
650
650
650
649
648
648
647
647
646
646
644
644
643
642
641
640
640
638
638
638
637
637
636
636
636
635
635
635
634
634
632
631
629
627
626
626
626
625
624
623
623
623
623
622
621
620
620
620
618
618
617
616
616
615
615
615
614
613
613
611
610
610
610
610
608
608
608
607
607
606
605
604
603
602
602
601
601
599
599
599
599
598
597
597
597
596
595
595
594
593
592
591
591
590
590
589
589
589
589
588
587
586
586
586
584
584
584
583
583
583
581
581
581
580
579
578
578
577
576
575
575
573
572
572
571
571
569
568
567
567
565
564
562
561
554
551
548
547
545
543
540
536
536
536
536
535
534
534
533
533
533
532
532
532
532
531
530
529
529
528
527
525
524
524
510
510
494
492
483
450
99
3992
3964
3930
3901
3890
3843
3818
3816
3751
3725
3628
3597
3444
3318
3199
3053
3021
3021
2881
2632
2488
2472
2156
2152
2082
2045
2031
1995
1973
1954
1802
1601
1404
1354
1328
1234
1175
1172
1162
1151
1123
1109
928
898
805
798
798
793
792
791
786
784
784
783
782
782
781
781
779
776
775
775
775
774
774
774
773
773
772
772
771
771
770
770
769
769
768
768
768
767
767
765
764
764
764
763
763
763
762
762
761
761
760
759
759
759
759
759
758
758
757
756
756
755
755
753
752
752
752
751
750
750
749
748
748
748
747
744
743
743
743
742
742
741
741
740
740
740
739
739
739
739
738
737
737
735
735
734
734
734
733
733
733
733
733
732
732
731
731
730
729
725
725
721
720
719
719
717
716
716
715
715
715
713
713
713
709
709
708
706
704
703
700
698
697
697
697
694
692
691
690
690
688
687
686
685
685
682
681
681
680
680
679
676
674
673
671
670
669
669
664
662
662
662
661
660
659
659
657
657
657
656
653
653
650
650
650
649
648
647
645
644
643
642
642
639
639
639
637
637
636
635
634
631
631
631
630
630
629
629
628
628
628
627
627
626
625
625
624
624
623
623
623
623
623
622
621
621
620
620
620
618
618
617
615
614
614
614
613
612
612
612
611
611
610
608
608
608
608
607
607
606
606
605
604
603
602
602
602
602
602
602
601
601
600
600
600
600
599
599
599
598
597
596
596
595
595
594
593
593
593
593
593
593
592
592
591
591
590
590
588
588
587
587
586
586
586
584
583
583
583
583
583
582
582
581
581
580
580
578
578
578
577
577
577
576
573
573
572
571
571
569
568
568
567
564
563
563
563
562
558
556
556
550
547
543
540
539
536
534
534
534
534
533
533
532
531
530
530
530
529
529
529
528
527
527
524
520
518
516
514
513
510
510
482
481
455
446
351
350
4626
3825
3671
3654
3193
2990
2978
2899
2830
2733
2699
2686
2663
2641
2602
2579
2471
2391
2364
2292
2277
2141
1992
1960
1922
1454
1453
1385
1308
1181
1178
1121
1085
1062
1038
1032
897
849
792
787
778
775
775
769
762
758
757
755
753
751
749
747
747
746
746
745
744
743
743
743
742
741
741
740
739
739
739
738
737
737
737
736
735
734
734
733
733
733
733
731
731
731
731
730
730
729
728
727
725
724
724
723
723
722
722
722
721
719
719
718
717
716
716
715
715
715
714
714
714
714
713
713
712
712
712
711
711
710
707
707
707
706
705
705
704
704
704
704
703
703
703
702
702
701
701
701
700
700
700
698
697
697
696
696
696
696
694
694
693
692
692
691
691
691
691
690
690
690
689
689
689
687
687
687
685
685
683
683
683
682
680
680
679
679
679
677
675
674
674
674
673
672
671
670
670
669
668
668
668
666
666
665
664
661
661
660
658
658
658
654
653
653
652
651
651
651
650
649
645
643
643
643
639
638
637
637
636
636
635
635
635
634
634
633
633
633
632
631
631
630
628
627
626
624
623
623
623
623
622
622
622
622
621
621
621
621
621
619
619
619
618
617
617
616
615
614
614
612
612
611
611
611
610
609
609
609
608
608
608
608
608
607
606
606
606
605
605
605
604
603
602
602
601
601
601
600
599
599
599
597
596
596
595
595
595
595
595
593
593
593
593
592
592
591
591
591
590
590
590
590
589
589
589
589
589
588
588
587
587
586
586
585
585
585
584
584
584
583
583
582
581
581
581
581
580
579
579
578
578
577
576
576
575
575
575
572
572
571
570
568
567
567
567
567
566
565
564
564
563
562
562
559
558
557
557
557
556
556
555
555
554
554
547
544
540
538
535
535
535
534
532
530
530
529
528
528
526
525
518
518
512
496
488
478
464
462
461
449
438
279
3997
3777
3697
3610
3404
3242
3226
3223
3223
3203
3201
3176
3116
3101
3088
3031
2953
2893
2475
2435
2327
2164
2110
1844
1792
1741
1735
1701
1671
1558
1436
1404
1336
1304
1205
1201
1107
1073
938
879
858
855
802
801
801
801
800
800
800
798
797
797
796
795
794
794
792
791
789
789
788
787
786
786
786
785
784
784
783
783
783
782
781
780
780
780
779
779
779
779
778
778
778
776
776
776
776
774
774
773
771
771
770
770
769
769
768
767
766
766
765
764
763
763
763
762
762
761
761
761
760
759
759
758
758
757
757
757
756
755
755
755
755
754
753
753
752
751
751
751
750
750
750
750
749
749
748
748
747
747
747
746
746
745
744
744
743
742
741
741
740
740
739
739
737
737
737
737
736
734
734
731
730
729
726
726
725
725
723
722
722
721
719
714
709
709
707
706
705
704
701
701
700
700
699
699
699
698
696
696
694
693
692
692
688
688
688
687
687
686
686
682
682
681
680
680
678
678
678
675
675
674
674
673
670
669
666
665
663
663
662
661
660
659
659
658
656
655
653
652
651
649
648
645
644
644
644
641
641
641
641
641
640
639
639
638
638
637
635
635
634
634
633
633
632
632
630
630
630
630
630
629
628
628
628
628
627
626
626
624
624
623
622
622
621
621
620
619
618
618
618
617
617
617
616
615
615
615
615
614
613
612
612
612
610
608
608
607
607
606
606
606
605
605
604
602
602
601
601
600
600
600
598
597
596
595
595
594
594
593
593
593
593
592
592
590
589
589
589
589
588
588
588
587
587
587
587
586
585
585
585
584
581
581
580
580
580
579
579
578
575
574
574
573
572
572
570
570
567
567
565
564
562
562
559
559
553
553
549
547
545
543
543
543
540
536
536
536
536
535
535
535
534
534
534
533
533
533
533
532
531
529
526
526
525
524
494
494
457
431
4633
4612
4574
4565
4407
4390
4350
4327
4303
4293
4258
3768
3708
2804
2802
2749
2625
2546
2480
2437
2414
2410
2302
2263
2163
2143
1888
1852
1848
1841
1816
1705
1679
1636
1592
1508
1494
1450
1419
1380
1373
1357
1338
1302
1254
1216
1203
1160
1148
1138
1132
1122
1120
1114
1082
1069
1048
1037
1028
1017
1003
989
947
936
934
926
922
921
915
900
896
886
860
857
849
848
834
833
833
832
820
806
805
802
802
802
801
800
800
798
798
798
797
795
794
793
793
793
791
790
787
785
783
782
782
781
781
777
776
776
776
776
776
775
775
773
771
771
769
769
768
768
767
766
766
766
765
765
764
764
763
763
762
762
759
759
757
756
756
755
754
754
753
753
753
753
751
751
750
749
749
749
749
748
748
744
743
742
742
742
741
740
738
737
736
736
733
733
733
732
732
730
728
728
728
727
726
726
725
724
723
723
723
722
717
716
716
714
712
711
710
709
709
709
709
706
706
703
702
701
700
699
699
696
696
695
691
691
688
687
686
686
685
685
684
682
680
678
677
677
676
675
673
671
670
670
669
667
667
663
660
658
658
657
656
654
652
651
650
646
645
645
644
643
643
640
640
640
639
639
639
638
636
635
634
634
633
633
633
632
632
632
629
629
628
627
626
626
623
621
621
621
621
621
620
620
618
618
617
617
616
615
615
613
612
612
612
612
611
611
611
611
611
610
610
610
610
608
607
607
606
606
606
605
605
604
602
600
599
599
598
598
597
597
596
596
596
596
596
596
596
595
594
594
592
592
591
590
590
590
590
589
588
588
588
588
586
586
585
584
583
582
582
582
582
581
579
578
577
575
575
574
574
573
572
572
572
572
569
566
565
563
563
557
556
555
549
543
543
538
537
536
536
536
535
535
535
534
534
534
534
534
533
532
532
531
531
531
531
528
528
515
515
512
510
501
489
436
434
363
4382
4083
3641
3604
3603
3570
3559
3557
3441
3348
3335
2916
2902
2730
2724
2581
2541
2536
2518
2518
2507
2321
2320
2157
2022
1941
1844
1735
1714
1583
1537
1514
1369
1345
1312
1287
1265
1186
1150
1149
1120
1077
1072
1071
1068
1060
1024
1016
1007
981
972
945
916
894
891
890
869
857
843
831
831
820
814
812
805
805
800
800
800
799
799
798
797
797
795
794
791
791
791
790
789
789
789
788
788
788
788
787
787
782
781
780
780
780
780
779
779
779
778
777
777
776
776
776
776
774
774
773
772
772
771
771
770
769
769
768
767
767
767
767
766
766
766
766
766
765
765
765
765
764
764
762
761
761
760
760
760
759
758
757
757
757
756
755
755
755
754
754
754
754
753
751
751
750
750
749
749
749
749
749
748
747
746
745
743
742
741
740
739
739
738
737
736
736
733
733
730
730
729
729
729
727
727
726
726
725
725
725
724
724
723
723
722
721
721
721
719
717
716
715
714
714
714
713
713
712
711
711
709
708
707
705
705
705
705
704
704
700
699
699
699
695
692
689
686
685
685
685
683
682
681
680
678
674
673
670
668
667
666
666
665
665
665
662
662
661
659
657
657
657
656
655
654
654
649
648
647
647
647
647
646
643
643
643
643
642
641
641
641
640
640
639
638
638
638
635
635
635
634
633
633
633
632
632
632
630
629
629
627
626
625
622
622
621
621
621
621
620
618
617
615
613
612
612
611
611
611
611
610
609
609
608
607
607
606
606
605
605
605
604
601
601
601
600
600
599
599
599
594
594
594
593
593
593
593
593
592
592
592
591
590
590
589
588
588
586
586
586
584
583
583
582
582
582
581
579
577
577
577
577
572
569
568
568
566
566
565
564
561
554
548
548
545
544
540
539
536
536
536
536
536
536
536
536
535
534
534
533
533
531
530
524
520
511
510
510
494
484
483
470
3993
3972
3967
3903
3888
3322
3303
3269
3107
3096
3048
2746
2740
2714
2678
2538
2437
2432
2201
2165
2155
2104
2085
2066
1960
1938
1798
1745
1738
1473
1431
1388
1333
1318
1290
1238
1217
1168
1002
989
862
840
816
801
801
800
800
797
797
796
794
791
791
791
790
790
789
789
789
787
787
785
784
783
783
782
780
780
780
779
779
778
778
778
777
777
776
776
776
775
775
775
775
774
773
773
773
772
772
770
770
769
769
768
768
768
767
767
767
767
766
765
765
764
764
763
762
762
761
761
761
760
758
757
757
757
757
756
756
755
754
754
754
754
752
752
752
751
750
750
750
749
749
748
748
748
747
746
746
744
744
744
742
741
741
739
739
739
739
738
737
737
735
735
734
733
733
732
731
730
729
728
726
724
723
722
717
717
715
712
711
705
705
705
704
703
702
700
697
695
695
694
693
692
692
692
690
690
688
688
686
686
686
686
684
684
684
683
682
680
680
680
679
676
675
673
671
671
670
669
669
666
665
663
663
660
659
659
658
657
657
656
655
654
654
651
650
650
649
649
648
648
646
646
646
643
642
642
642
641
641
641
641
640
639
639
638
637
637
635
635
635
635
634
633
633
633
632
632
632
630
629
628
628
627
627
627
626
626
625
625
623
623
623
623
623
620
620
619
619
617
616
613
612
611
611
611
610
610
610
609
609
608
606
605
605
605
604
604
604
604
603
602
602
601
600
599
598
598
597
597
596
596
596
596
594
594
594
593
593
593
593
592
591
590
589
589
588
588
587
587
587
587
586
585
584
584
582
581
580
580
579
579
579
578
576
576
574
574
572
572
570
569
567
565
564
563
563
562
561
558
554
547
546
534
534
534
534
534
534
534
534
533
533
532
532
531
531
530
529
529
529
528
528
528
525
523
523
518
518
514
512
511
510
509
509
497
492
460
193
