6000
6000
6000
6000
6000
6000
6000
6000
5460
5250
4880
4192
3872
3796
3296
3173
3150
2969
2888
2782
2776
2763
2572
2520
2490
2429
2322
2253
2162
2136
1963
1901
1844
1788
1783
1731
1682
1661
1649
1646
1645
1620
1613
1575
1571
1508
1480
1478
1457
1416
1352
1346
1344
1315
1286
1258
1230
1220
1180
1092
1081
1080
1071
1067
1048
1042
1035
989
987
977
975
971
968
962
961
952
942
925
921
913
892
890
869
865
854
834
830
803
802
802
798
797
797
797
797
794
793
791
791
787
786
785
785
784
784
783
782
781
779
778
772
771
770
769
769
768
766
766
765
764
762
759
758
754
750
748
743
740
737
737
734
733
723
722
718
717
717
717
715
707
704
696
695
692
692
691
691
686
684
684
680
679
675
674
674
671
670
670
667
667
665
664
664
664
661
660
652
651
648
647
647
645
643
641
638
638
637
635
631
631
631
629
628
627
623
623
621
621
621
620
620
618
618
617
617
617
614
614
613
612
611
610
609
608
607
606
605
603
602
602
601
600
597
595
593
592
590
589
586
586
585
583
583
583
582
581
580
579
577
575
574
573
573
572
571
569
569
568
566
565
565
564
563
561
559
559
558
554
554
554
553
552
550
549
549
547
547
546
546
544
544
544
543
543
542
541
541
540
539
539
538
537
537
537
536
536
536
535
535
535
535
535
534
534
534
533
533
533
533
531
531
530
530
530
529
529
529
528
528
526
525
525
524
523
523
523
521
521
521
521
520
520
519
518
517
517
517
516
516
516
515
515
515
515
515
514
514
514
514
513
513
513
512
512
512
512
512
511
511
511
511
511
511
511
511
511
511
511
511
511
511
510
510
510
510
510
510
510
510
510
510
510
510
510
510
510
510
510
510
509
509
509
509
509
509
509
509
509
509
509
509
509
509
509
509
508
508
508
508
508
508
508
507
507
507
507
507
506
504
320
6000
6000
6000
6000
6000
6000
6000
6000
6000
6000
6000
6000
6000
6000
6000
6000
6000
6000
6000
6000
6000
6000
6000
6000
6000
6000
6000
6000
6000
6000
6000
6000
6000
6000
6000
6000
6000
6000
6000
6000
6000
6000
6000
6000
5968
5773
5617
4914
4841
4455
4272
4025
3859
3809
3720
3452
3366
3353
3056
2859
2833
2821
2814
2687
2682
2638
2574
2526
2427
2350
2330
2288
2279
2273
2219
2195
2169
2136
2096
2093
2078
2064
2025
1954
1941
1837
1807
1796
1764
1759
1654
1650
1623
1569
1553
1513
1480
1454
1368
1319
1313
1301
1279
1275
1246
1243
1226
1150
1123
1100
1085
989
973
962
955
953
951
946
942
938
923
908
903
896
893
879
873
868
862
845
843
838
837
837
831
830
829
824
823
823
818
817
816
811
802
800
796
795
793
792
791
790
790
790
789
789
789
788
788
786
785
785
785
785
784
784
783
782
782
782
781
781
781
780
780
779
779
778
778
777
777
776
776
776
776
775
775
775
772
772
771
769
769
769
769
768
768
767
766
764
763
763
763
762
761
760
760
759
758
758
756
756
756
754
753
752
752
749
749
746
746
745
745
745
745
745
743
740
737
736
736
735
734
734
731
730
728
727
725
723
719
718
717
716
716
716
716
715
710
706
702
700
697
696
695
695
691
690
690
690
690
686
684
680
679
678
676
674
673
671
670
669
669
668
668
668
667
667
666
666
666
664
659
659
655
655
651
651
651
649
648
648
647
645
644
643
643
643
642
641
641
641
640
640
639
635
635
635
634
632
630
629
628
627
626
625
624
623
623
623
620
619
618
617
617
616
616
616
616
616
614
614
613
612
612
612
611
610
609
609
609
608
607
605
605
605
605
601
601
599
598
597
596
595
593
593
591
586
584
584
583
583
580
575
574
572
570
569
569
568
568
561
561
561
561
560
553
550
540
540
540
538
537
536
534
534
532
531
530
529
529
525
521
519
512
511
510
496
475
285
6000
6000
6000
6000
6000
6000
5949
5667
4693
3837
3706
3280
3179
2803
2534
2485
2468
2284
2230
2122
2090
2040
1999
1951
1927
1872
1759
1744
1616
1540
1516
1365
1083
1007
962
928
923
877
874
818
802
802
799
799
798
798
797
797
796
795
795
795
795
794
793
793
791
791
791
790
790
789
789
788
788
788
787
787
787
787
786
786
785
784
784
784
783
783
783
783
783
783
782
782
782
782
781
781
781
781
781
781
780
779
779
779
779
779
778
777
777
777
776
776
776
775
774
774
772
772
772
772
772
771
771
770
770
770
769
769
768
767
767
767
766
766
766
764
764
763
763
763
761
760
760
759
759
758
758
758
757
756
755
754
754
754
754
752
752
751
751
750
750
749
749
748
747
747
746
746
744
742
742
742
742
738
738
738
737
737
736
736
736
733
733
731
731
730
730
729
727
727
727
726
724
723
721
718
717
715
710
709
708
706
705
704
703
703
702
701
698
697
697
696
696
695
695
694
694
692
691
689
689
689
688
687
685
685
681
681
678
677
675
675
674
672
671
670
670
669
669
668
666
666
666
663
662
662
662
660
660
659
658
657
656
656
653
653
652
652
651
650
649
648
647
646
646
646
645
644
644
644
641
640
640
638
637
637
637
637
636
635
634
633
633
632
631
630
630
630
629
629
629
628
628
627
627
625
625
625
625
624
623
623
622
622
620
620
620
620
620
619
619
618
617
617
616
616
616
615
614
614
613
612
612
611
611
611
610
610
610
609
608
607
606
606
606
605
604
602
601
600
600
600
597
597
596
596
596
594
594
593
593
592
591
591
591
590
590
590
590
589
588
587
586
585
584
583
583
582
581
580
580
580
580
579
578
577
575
566
566
565
564
561
560
560
558
557
555
554
553
539
535
535
535
534
534
534
533
533
532
527
525
516
512
511
510
509
492
369
6000
6000
6000
6000
6000
6000
6000
6000
6000
6000
6000
6000
6000
6000
6000
6000
6000
6000
6000
6000
6000
6000
6000
6000
6000
6000
6000
6000
6000
6000
6000
6000
6000
6000
6000
6000
6000
6000
6000
6000
6000
6000
6000
6000
6000
6000
6000
6000
5829
5190
5123
5065
4912
4736
4589
4282
4250
4144
3886
3701
3666
3660
3503
3411
3144
3116
2925
2865
2687
2644
2636
2627
2489
2452
2447
2443
2430
2419
2390
2320
2311
2289
2267
2250
2249
2242
2211
2205
2194
2168
2133
2112
2110
2044
1987
1955
1918
1882
1870
1852
1842
1837
1803
1796
1790
1756
1744
1736
1714
1700
1693
1690
1675
1674
1642
1599
1599
1591
1543
1538
1524
1516
1502
1452
1445
1444
1444
1432
1431
1424
1416
1400
1381
1377
1375
1373
1369
1369
1358
1325
1314
1303
1298
1284
1273
1225
1220
1219
1218
1211
1200
1176
1173
1151
1148
1133
1133
1114
1110
1106
1090
1076
1068
1029
1018
1008
1002
1001
996
990
984
975
969
957
955
948
940
923
920
907
906
898
887
875
833
830
816
814
812
811
811
810
804
801
797
795
792
791
789
789
787
787
786
786
785
785
784
784
784
784
782
782
781
781
779
779
778
776
775
775
773
772
772
772
772
771
770
770
770
769
768
768
767
767
766
765
762
762
761
761
760
759
759
759
756
756
751
748
747
744
742
739
736
735
733
732
729
728
718
716
716
715
706
704
703
701
699
698
695
694
691
688
681
676
675
675
674
673
673
671
670
666
666
666
665
664
663
663
663
663
662
660
659
658
656
651
651
651
649
648
643
643
643
642
641
640
640
640
637
637
636
636
635
634
633
632
632
632
631
630
629
629
627
627
625
623
623
623
622
621
621
621
616
615
615
612
609
609
609
609
608
608
608
606
605
605
604
604
603
602
598
593
590
590
589
589
588
588
587
586
586
585
584
582
581
580
579
578
577
575
574
573
572
570
568
568
566
566
565
562
561
560
558
557
556
555
553
536
535
533
532
531
531
531
528
527
521
516
516
514
800
800
799
796
795
795
792
789
788
786
786
785
785
784
783
783
783
783
782
782
782
780
780
779
779
779
778
778
778
777
777
777
777
777
776
776
776
776
775
775
775
775
775
774
774
773
773
772
772
772
772
771
771
770
770
769
769
768
768
768
767
765
765
764
764
763
763
763
763
763
762
762
761
760
760
760
759
759
758
758
757
757
755
753
753
753
753
753
752
752
752
751
751
751
751
750
750
750
750
749
749
748
748
748
747
747
747
746
746
746
746
746
746
746
745
745
745
744
744
744
744
743
743
742
741
740
740
739
739
739
739
737
737
737
736
735
734
733
733
733
732
729
729
729
728
728
725
724
723
722
721
721
719
718
717
717
717
716
715
714
713
713
713
712
711
711
710
710
708
707
707
706
706
705
704
704
703
698
696
694
692
692
689
688
687
686
685
685
684
684
684
683
682
681
681
681
681
681
679
678
678
678
677
677
676
674
674
674
673
672
672
671
671
669
669
669
668
668
666
665
665
664
664
664
662
661
661
660
658
657
657
657
656
655
655
654
652
651
651
649
648
646
645
645
645
644
644
643
643
642
642
642
642
642
641
639
639
639
638
637
637
635
635
634
633
633
633
630
630
629
629
628
626
625
625
625
624
624
624
623
623
622
622
622
621
621
621
619
618
618
617
617
617
616
615
615
615
615
613
613
613
612
610
610
610
608
606
606
604
604
604
603
603
603
603
602
602
600
600
599
599
599
598
598
596
595
595
595
595
594
592
591
590
590
590
589
589
589
589
588
588
587
585
585
584
584
584
582
581
579
578
578
577
577
576
575
574
574
574
573
571
570
569
569
566
565
564
563
561
561
560
560
560
556
555
555
554
553
551
540
536
535
535
534
532
529
529
528
527
527
524
524
522
519
504
488
484
468
456
422
6000
6000
6000
6000
6000
6000
6000
6000
6000
6000
6000
6000
6000
6000
6000
6000
6000
6000
6000
6000
6000
4444
4428
4286
3751
3309
3279
3273
3162
2954
2929
2725
2639
2635
2492
2444
2300
2284
2241
2153
2115
1956
1909
1820
1788
1606
1512
1510
1506
1479
1453
1361
1328
1305
1289
1278
1203
1178
1161
1095
1087
1061
1057
1046
1045
1013
1005
1002
992
987
987
952
952
947
944
932
908
893
884
880
854
839
836
825
815
813
812
805
805
804
802
802
801
801
801
799
796
795
793
793
792
791
791
790
790
789
789
787
786
786
785
785
784
784
784
784
784
784
783
782
779
779
778
778
778
777
777
777
776
776
774
773
773
773
772
772
770
769
769
768
768
768
767
766
766
765
765
765
763
763
763
761
760
760
759
759
758
757
756
756
756
755
755
754
754
754
753
753
753
752
752
752
752
751
750
749
749
749
748
748
748
747
747
746
745
742
741
741
740
739
738
736
734
732
732
728
726
721
718
718
717
716
715
714
714
713
711
709
707
707
706
703
703
701
701
701
699
699
698
697
697
694
694
691
690
688
687
685
685
683
681
680
680
679
677
675
675
675
675
671
670
667
666
666
665
665
664
663
663
662
660
659
658
657
657
656
656
654
653
651
649
648
648
646
646
645
644
644
644
644
640
640
638
636
635
635
634
633
633
633
632
630
629
629
627
627
626
623
622
621
620
620
619
618
617
617
617
617
616
615
615
615
615
613
611
611
610
610
609
608
608
607
607
607
606
605
604
604
603
603
602
602
601
600
599
599
597
596
595
595
595
593
592
591
589
589
589
589
587
587
583
583
581
580
579
579
576
576
575
575
574
574
572
572
569
566
564
563
562
562
562
561
560
560
559
558
557
557
556
553
549
542
540
540
536
536
536
535
535
535
534
533
533
533
531
530
530
528
528
527
524
518
510
510
509
509
508
484
444
371
6000
6000
6000
6000
6000
6000
6000
6000
6000
4582
4446
4401
3996
3846
2929
2719
2581
2514
2174
2133
2114
1951
1935
1864
1858
1835
1745
1711
1667
1589
1566
1519
1459
1450
1448
1421
1372
1367
1275
1242
1220
1157
1077
903
902
851
822
808
802
801
800
800
798
798
798
797
797
796
796
795
795
795
794
793
792
791
790
789
788
788
788
788
788
788
786
785
785
785
785
785
785
784
784
783
783
783
782
782
782
782
781
780
780
779
779
779
779
778
777
777
776
776
776
776
776
775
775
774
774
774
774
772
772
772
772
771
770
770
770
769
768
768
768
768
768
768
767
767
766
766
765
764
763
763
762
762
761
760
760
759
759
759
759
758
758
754
754
753
753
752
750
750
750
750
750
749
749
749
749
748
748
748
747
746
745
745
745
744
742
742
741
740
739
738
737
736
735
735
735
734
730
729
728
727
727
726
724
722
722
722
722
720
719
716
715
715
714
711
710
709
709
708
704
704
704
704
695
691
691
688
684
683
682
682
681
680
679
679
678
678
677
674
673
672
672
671
669
667
666
666
665
664
662
662
662
661
661
661
659
657
656
654
651
651
650
649
649
648
647
647
646
645
645
645
644
644
644
643
642
641
641
640
640
640
639
639
638
638
637
637
636
635
635
634
634
632
631
631
631
628
628
627
627
627
627
625
625
625
625
625
624
622
621
621
621
621
621
620
620
620
620
619
618
618
617
617
616
616
616
615
615
615
614
614
614
613
613
613
611
611
611
610
610
609
609
609
608
606
606
606
605
605
604
603
602
601
601
600
599
599
599
598
597
594
592
591
591
589
589
589
588
587
587
587
586
585
584
583
582
581
581
581
580
580
578
577
576
575
575
573
573
572
570
570
568
567
564
564
563
563
562
561
558
556
555
555
549
544
543
536
535
534
534
531
531
521
513
509
491
462
6000
6000
6000
6000
6000
5258
3531
3504
2852
2539
1992
1543
1470
1402
1391
1385
892
838
811
809
802
802
801
800
798
798
798
797
797
797
795
795
794
794
793
792
792
792
791
791
791
791
791
790
790
788
788
787
787
787
786
786
786
786
786
786
785
785
784
784
784
783
783
783
782
782
782
781
781
780
780
780
779
778
778
778
778
777
777
777
776
776
775
775
775
774
774
774
774
773
773
773
773
773
772
772
772
772
771
771
771
770
770
769
769
769
769
769
769
768
768
767
767
767
766
766
766
765
765
765
765
765
764
764
761
761
761
760
760
759
757
757
757
757
756
756
756
755
755
754
754
754
752
752
752
751
751
751
751
751
751
750
750
750
749
749
748
748
747
746
746
746
745
744
743
743
742
742
742
740
740
738
738
737
735
734
734
732
731
731
730
729
728
727
725
722
720
719
714
714
712
710
710
710
709
709
708
708
708
705
705
705
702
701
698
697
697
697
695
691
691
691
690
689
689
689
688
687
687
685
683
682
682
681
681
679
678
677
674
674
674
672
672
670
669
668
667
666
665
664
662
662
662
662
662
661
661
661
660
660
659
659
656
655
653
653
653
652
651
649
649
648
648
648
647
646
644
644
643
643
641
640
640
640
640
635
635
634
634
634
633
632
630
629
628
628
628
628
628
627
627
626
625
625
625
624
624
624
624
623
622
622
621
619
619
619
618
617
617
616
616
614
614
613
613
613
611
611
609
608
608
608
607
607
606
606
605
605
604
604
604
603
602
600
600
600
598
598
598
597
597
596
596
594
592
592
591
591
591
591
590
590
588
588
588
587
587
585
584
584
584
584
583
582
580
579
579
577
575
574
573
572
571
570
570
567
564
564
558
557
556
553
550
536
536
536
535
535
534
534
533
533
531
530
510
438
430
288
280
246
6000
6000
6000
6000
6000
6000
6000
6000
6000
6000
6000
6000
6000
6000
6000
6000
6000
6000
6000
6000
6000
6000
6000
6000
6000
5643
5494
5492
5026
4915
4789
4617
4396
4239
3771
3762
3688
3417
3380
3066
3059
2958
2702
2676
2439
2363
2258
2236
2148
1990
1948
1891
1887
1793
1724
1703
1620
1605
1594
1447
1379
1341
1155
1122
951
873
867
861
842
839
838
807
803
799
799
799
799
798
797
796
795
795
795
793
792
792
792
791
790
787
787
786
786
785
785
785
785
784
783
782
780
779
778
778
778
777
777
777
777
777
776
776
774
774
773
773
772
771
771
771
770
768
767
766
766
766
766
766
766
766
764
764
762
762
761
761
761
760
760
760
759
759
758
757
757
757
756
756
753
753
753
752
751
751
751
750
750
749
749
749
749
747
747
746
746
746
746
744
744
741
741
738
737
737
735
735
733
733
733
732
731
730
729
728
726
726
726
722
719
718
718
717
714
712
710
704
704
702
699
697
697
697
694
694
693
689
689
688
688
686
685
681
680
676
675
675
673
672
669
668
665
664
663
663
661
660
660
659
659
657
656
656
655
655
654
654
652
652
649
649
646
646
645
645
644
644
644
644
643
643
641
641
641
640
640
640
639
639
638
638
637
636
635
634
633
632
632
632
630
630
627
626
625
624
624
624
624
623
623
623
623
622
619
619
619
618
617
616
616
615
614
613
612
610
609
609
608
608
608
608
606
605
604
604
604
602
601
601
599
598
596
596
596
595
593
593
593
591
589
588
588
586
585
585
585
585
585
583
583
581
581
581
581
579
578
578
578
571
571
570
570
569
569
568
567
563
561
561
560
559
558
557
557
557
553
549
548
545
545
536
536
536
535
535
535
534
534
534
533
533
533
533
532
531
531
530
530
529
527
526
524
523
523
521
521
521
519
513
509
508
506
506
498
495
478
471
439
437
404
255
6000
6000
6000
3667
2027
1918
1865
1526
1034
980
858
786
785
780
780
780
778
777
777
775
775
775
774
774
774
773
773
773
772
772
772
772
771
771
771
771
770
770
770
770
769
769
768
768
768
768
768
766
765
765
765
765
764
764
764
764
763
763
763
762
762
762
762
762
761
761
760
760
760
759
759
759
759
758
758
758
757
757
757
757
756
756
756
755
755
754
754
753
753
753
753
753
752
751
751
751
751
750
750
750
750
750
749
749
749
749
749
748
748
748
748
748
747
747
747
747
747
747
746
746
746
745
745
744
744
743
742
741
740
740
740
740
739
739
738
735
734
733
733
732
732
731
731
730
729
729
729
728
726
726
725
724
723
723
722
721
720
718
717
717
716
715
715
714
714
713
713
713
712
712
711
707
707
706
705
704
703
702
702
700
698
697
697
696
695
691
691
691
688
687
686
685
683
683
681
680
680
678
678
678
676
675
675
674
674
674
673
672
672
672
672
671
670
670
669
669
668
667
667
667
665
665
665
664
663
663
663
662
662
660
660
658
658
656
656
655
655
653
653
653
653
653
650
647
647
647
646
643
643
643
643
642
642
640
639
639
638
638
638
636
636
636
633
632
632
631
630
630
630
629
627
626
626
624
624
623
623
622
622
622
622
621
620
620
619
619
617
617
617
617
616
616
616
615
615
615
614
613
612
612
612
610
610
610
610
608
608
607
606
605
603
602
602
602
601
601
601
601
601
600
599
599
599
598
598
597
597
597
596
594
594
594
593
592
592
591
589
589
589
588
588
588
586
585
584
582
582
581
581
581
580
579
579
578
576
574
573
573
572
569
569
568
568
567
565
565
563
562
562
561
560
560
559
557
555
554
554
548
547
546
536
535
533
531
529
529
528
528
528
527
527
527
526
526
526
525
525
515
492
443
6000
6000
6000
6000
6000
6000
6000
6000
6000
6000
6000
5052
5018
4927
4589
4005
3983
3925
3857
3822
3738
3526
3389
3200
3145
3062
2997
2884
2785
2471
2302
2211
2076
2051
2008
1938
1935
1923
1918
1916
1888
1872
1867
1759
1746
1703
1678
1666
1652
1650
1644
1625
1622
1606
1535
1499
1475
1463
1435
1409
1408
1391
1386
1378
1370
1366
1334
1317
1302
1302
1301
1281
1256
1246
1241
1216
1212
1207
1206
1186
1185
1183
1154
1152
1149
1138
1086
1079
1072
1068
1065
1061
1053
1048
1042
1037
1028
1017
1001
1000
997
978
978
974
958
949
937
933
929
929
919
910
902
896
892
890
889
881
878
876
873
865
864
855
853
851
850
847
839
826
826
826
822
816
816
806
802
798
796
795
794
794
793
793
792
791
788
786
785
785
785
785
784
781
781
780
777
776
774
774
773
773
770
769
764
762
759
759
757
757
756
754
754
753
753
747
747
746
746
744
743
743
741
741
740
739
739
738
733
733
724
723
720
720
718
715
709
706
705
704
704
703
702
701
700
699
699
697
697
697
696
696
690
689
685
683
678
676
675
674
673
671
670
668
663
661
661
660
660
660
660
654
651
648
648
648
646
646
644
643
641
640
639
638
636
636
636
633
632
632
631
630
630
630
629
629
628
627
627
626
625
625
623
621
619
619
619
619
618
618
618
617
615
614
611
611
610
607
606
606
606
605
604
601
598
598
596
596
596
596
596
594
591
591
589
589
589
589
588
588
588
583
579
576
575
575
574
573
573
572
572
569
569
568
567
567
566
566
566
564
563
563
560
560
560
558
558
557
555
554
553
553
552
551
551
550
549
548
548
546
543
542
542
542
540
539
539
537
536
534
533
532
532
532
531
530
530
529
529
528
528
528
527
525
524
523
523
522
522
521
520
517
516
515
514
514
514
513
512
512
512
512
511
511
511
510
510
510
510
509
509
509
509
509
509
509
509
509
508
507
6000
6000
6000
6000
6000
6000
6000
5453
5084
3979
3916
3668
2815
2436
2308
2276
1909
1640
1354
1243
1048
1046
1038
1031
962
883
802
802
802
801
800
798
797
797
794
794
794
793
792
791
791
790
790
790
789
789
788
788
787
787
787
787
786
786
786
786
785
784
784
783
783
783
783
783
782
782
782
782
781
781
781
781
781
781
780
780
780
779
779
778
778
778
778
777
777
777
777
776
776
776
776
776
775
775
775
774
774
773
773
773
773
772
770
770
770
770
770
770
769
768
768
767
766
765
765
765
765
765
764
762
762
762
762
761
761
761
761
759
759
759
759
758
758
758
758
757
757
757
756
756
755
755
754
754
754
752
752
750
750
748
748
747
747
746
746
745
744
744
744
744
743
743
741
740
739
738
737
736
736
734
734
732
732
731
731
731
731
731
730
726
723
722
721
721
719
719
718
717
716
715
715
715
715
714
714
712
712
711
705
703
702
702
702
702
702
702
702
701
701
700
700
697
697
696
696
696
695
694
694
691
691
688
688
688
685
684
681
681
679
679
677
675
675
675
675
674
673
672
669
669
668
668
668
667
667
666
665
662
660
659
658
658
657
656
654
653
653
652
651
651
651
650
649
648
648
648
644
643
642
642
641
641
641
640
640
640
640
637
637
636
636
635
634
632
631
631
631
630
630
629
627
627
627
625
625
624
624
624
623
623
622
622
621
620
619
616
616
616
615
615
615
614
614
613
613
613
613
611
609
609
608
607
606
606
606
604
602
602
602
601
600
599
598
598
597
596
595
595
593
592
592
590
589
589
587
586
586
584
581
581
581
580
580
577
575
572
572
569
567
567
566
563
560
559
559
559
558
556
555
550
550
548
548
547
542
540
536
536
535
535
535
535
534
533
530
530
529
529
528
520
520
517
510
510
486
461
405
305
159
138
6000
6000
6000
6000
6000
6000
6000
6000
6000
6000
6000
5859
5433
5070
4998
4614
4242
4022
4011
3770
3472
3241
3096
2473
2436
2393
2389
2068
1856
1717
1600
1564
1419
1278
1257
1091
935
928
921
901
895
879
878
874
812
809
807
802
800
800
799
799
798
796
796
795
795
794
794
794
794
794
793
793
792
792
792
791
791
790
790
790
789
788
788
788
788
788
788
787
787
787
786
785
785
785
784
784
783
783
782
782
782
781
781
781
781
781
780
780
780
780
779
779
779
778
778
778
777
777
777
777
776
776
775
775
775
775
775
774
774
774
774
774
773
773
773
773
772
772
770
770
769
768
768
767
767
766
765
765
764
763
762
761
761
761
761
758
758
758
757
756
756
755
755
754
754
753
753
753
752
752
751
750
750
750
750
750
749
748
748
747
747
747
747
745
742
742
740
740
738
738
737
737
735
734
734
733
733
732
732
729
728
727
726
725
725
724
724
722
722
722
721
719
718
714
711
710
709
705
704
703
703
701
699
696
695
693
693
691
690
684
684
684
683
682
680
678
678
678
677
676
675
675
674
673
672
670
669
668
667
667
666
665
663
663
662
662
661
660
660
659
656
655
655
655
654
654
650
650
650
649
648
648
648
647
645
644
642
642
641
640
640
640
637
636
635
635
633
631
631
631
631
630
630
629
629
628
628
627
627
627
626
626
626
623
623
622
622
622
622
621
620
619
618
618
618
618
617
617
617
615
614
614
613
613
612
612
611
611
611
611
610
610
609
608
608
607
604
603
603
602
601
601
600
599
599
598
597
595
594
594
593
593
592
591
590
589
589
589
588
588
587
586
585
585
584
582
581
581
581
580
580
580
579
579
574
573
573
570
568
566
565
565
564
563
563
562
561
559
557
556
552
546
545
536
536
534
534
533
532
529
529
527
527
510
501
500
498
466
6000
6000
6000
1607
1263
844
800
797
796
796
795
795
793
793
793
791
791
790
790
790
788
788
788
788
788
788
787
787
786
786
785
785
785
784
784
784
784
784
784
784
784
783
783
783
783
783
783
782
782
782
781
781
780
779
778
778
778
778
778
778
777
777
777
777
776
776
776
775
774
774
773
773
773
773
772
772
771
770
770
770
770
769
769
769
769
769
768
768
767
767
767
767
766
766
766
765
765
765
764
763
762
762
761
761
761
760
760
760
759
759
759
758
756
754
754
754
754
754
753
753
752
752
752
751
751
750
750
749
749
749
748
746
745
745
745
745
744
744
744
743
743
743
742
741
739
738
736
736
735
734
734
733
733
732
732
731
728
727
727
727
726
725
725
724
724
723
723
721
721
720
719
718
718
718
717
716
713
713
712
712
711
709
709
707
703
701
699
699
698
698
696
695
695
693
693
693
692
692
689
689
686
685
685
685
684
681
680
679
678
677
677
674
674
671
671
671
668
668
668
666
665
665
665
664
663
663
662
662
662
661
660
660
659
658
658
658
657
657
656
654
654
653
653
651
650
650
649
649
647
647
646
645
645
644
644
643
643
642
641
640
640
639
638
638
638
637
637
637
636
636
636
635
635
635
634
634
634
634
633
632
632
632
631
631
630
630
629
627
627
626
626
625
624
623
622
621
620
620
620
618
618
617
617
617
615
615
615
614
613
613
613
612
612
611
611
609
608
607
607
606
605
603
603
603
603
603
602
602
600
600
599
598
597
597
596
595
595
594
593
592
589
589
588
588
588
587
586
585
584
582
582
581
581
580
580
578
576
576
575
572
572
572
570
570
570
570
569
568
566
565
565
562
562
561
560
555
553
553
548
548
537
536
536
536
536
536
535
534
533
532
521
520
512
510
510
495
488
465
461
430
6000
6000
6000
6000
6000
5897
5278
3905
3380
3367
2595
2557
2248
2042
1630
1410
1389
1386
1384
1354
1024
973
906
821
792
788
787
784
783
782
781
781
780
780
779
778
778
777
777
777
777
776
776
775
775
775
775
775
774
774
774
773
773
773
773
773
772
772
772
772
771
770
770
770
770
769
769
769
769
768
768
767
767
767
766
766
766
766
766
765
765
765
764
764
764
764
764
764
763
763
763
762
762
762
762
761
761
761
761
760
759
759
759
759
758
758
758
758
757
757
757
757
757
757
757
756
756
755
755
755
754
754
754
754
754
753
752
752
752
752
752
751
751
751
750
750
750
749
749
749
749
749
748
748
747
747
747
747
747
745
744
744
743
742
742
742
741
740
740
739
739
738
737
737
737
737
736
736
736
735
735
735
734
734
733
733
732
732
730
729
729
728
728
727
726
726
725
724
722
721
721
719
718
717
714
714
713
711
710
709
709
707
706
704
703
700
695
695
693
693
691
691
689
688
686
686
686
685
683
683
680
680
679
678
678
678
677
676
676
675
675
674
673
672
669
669
668
667
667
664
662
662
661
661
661
658
657
654
653
653
653
652
652
652
651
650
650
650
649
648
648
643
643
642
642
641
641
641
640
640
639
638
638
638
638
637
636
634
634
633
633
633
632
632
632
631
631
628
628
626
625
625
624
623
622
622
622
622
622
622
621
621
620
620
619
619
619
617
617
616
616
615
614
614
613
612
612
612
612
611
610
610
608
607
606
605
604
603
603
602
602
602
600
599
599
599
598
597
594
594
593
593
592
592
591
590
589
589
589
589
589
589
589
588
588
587
586
584
584
584
583
583
583
582
580
580
579
579
579
576
575
574
572
571
571
569
568
567
563
561
560
560
558
558
558
552
550
549
545
530
529
528
527
527
525
521
514
510
484
357
6000
6000
6000
6000
6000
6000
6000
6000
6000
6000
6000
6000
6000
6000
6000
6000
6000
6000
6000
6000
6000
6000
6000
6000
5123
4839
4770
4167
3729
3635
3410
3407
3405
2854
2587
2561
2470
2202
2189
2164
2134
2128
2087
1997
1926
1923
1808
1643
1604
1275
1199
1187
1013
907
888
874
873
829
820
802
802
799
798
798
798
798
796
796
796
795
794
793
793
791
790
790
789
787
787
787
787
786
785
785
785
784
784
783
783
783
783
783
783
783
782
782
782
782
782
782
781
780
780
780
780
780
780
780
779
778
778
778
777
777
776
776
775
775
774
774
773
773
772
772
771
771
771
770
770
770
769
769
769
768
768
768
768
768
767
767
767
767
767
766
766
766
765
764
764
763
763
761
760
760
759
758
758
758
757
757
756
755
755
755
754
754
753
752
752
751
751
751
751
751
750
750
748
748
745
745
744
744
744
743
743
743
742
742
740
740
739
738
738
737
736
736
735
734
733
733
732
731
731
730
725
724
724
723
721
720
720
719
719
718
716
714
714
714
713
711
709
709
705
704
704
703
703
702
701
700
697
696
693
692
691
690
690
689
688
687
684
681
680
678
678
677
677
676
674
674
672
668
668
668
667
667
667
666
665
664
663
663
662
658
655
654
654
650
650
650
649
648
645
644
643
643
639
639
638
638
637
637
636
636
635
634
633
633
632
631
629
627
625
624
624
623
623
623
622
622
622
622
621
621
620
620
619
619
619
617
617
616
616
616
614
613
613
613
613
612
611
611
610
609
605
605
604
604
604
602
600
600
599
598
598
597
596
596
595
594
594
592
591
591
590
589
587
584
577
577
577
577
577
575
574
574
571
571
571
569
568
566
565
565
564
564
561
561
559
559
557
554
554
553
549
542
536
536
536
536
536
535
535
535
534
533
533
532
531
530
529
528
527
526
520
516
510
506
491
477
6000
6000
6000
6000
6000
6000
6000
6000
6000
6000
6000
6000
6000
6000
6000
6000
6000
6000
6000
6000
6000
6000
5631
5470
5468
5289
4984
4776
4611
4369
3876
3696
3376
3287
3262
3191
3013
2931
2904
2778
2390
2328
2318
2277
2269
2247
2173
2159
2147
2122
2121
2114
2079
2078
2075
2038
2024
2001
1970
1965
1961
1954
1928
1925
1910
1897
1893
1880
1877
1797
1797
1771
1763
1719
1684
1662
1659
1644
1619
1615
1605
1593
1573
1565
1516
1505
1485
1485
1485
1466
1460
1443
1425
1412
1401
1351
1337
1336
1327
1313
1311
1306
1306
1287
1284
1263
1263
1250
1231
1211
1207
1181
1168
1161
1142
1132
1130
1124
1105
1087
1071
1070
1054
1054
1050
1044
1042
1042
1037
1001
959
957
956
947
943
939
923
893
882
876
873
869
849
832
828
828
820
816
815
814
812
812
805
802
799
798
796
796
795
794
794
794
792
791
791
791
790
790
789
788
788
788
787
784
781
781
780
780
779
779
778
777
777
777
775
775
774
774
773
773
772
772
772
772
770
770
770
770
770
769
767
766
766
765
763
763
763
763
762
759
759
758
758
757
755
752
752
751
750
750
748
748
748
746
745
744
743
743
742
742
741
741
739
739
738
737
735
734
734
731
731
730
729
723
722
722
720
720
719
719
718
717
717
716
715
715
714
707
704
703
702
698
695
693
692
691
691
686
683
682
679
678
677
675
675
674
674
674
673
672
669
665
664
663
662
661
661
661
660
657
657
654
654
653
652
652
650
647
647
644
643
643
642
639
639
637
636
635
635
634
632
632
631
631
630
630
630
629
626
626
625
625
624
624
624
623
622
622
620
620
619
616
615
615
614
614
614
612
612
610
608
608
607
607
606
606
605
605
605
604
602
601
600
596
593
591
591
588
586
586
585
584
584
581
579
579
577
573
573
572
571
570
570
569
565
563
561
560
558
556
555
550
549
546
543
542
538
534
533
529
525
522
517
512
512
511
510
509
509
499
6000
6000
6000
6000
6000
6000
6000
6000
6000
6000
6000
4093
3563
3285
3049
2919
2842
2677
2622
2538
2526
2358
2254
2194
2179
2027
2011
1970
1911
1878
1856
1776
1741
1662
1636
1580
1538
1530
1528
1506
1501
1338
1323
1303
1272
1271
1261
1259
1244
1242
1177
1175
1156
1138
1126
1113
1084
987
965
955
955
938
915
862
845
842
839
836
832
818
802
802
801
799
797
797
795
793
793
793
792
792
791
790
790
790
790
789
788
788
788
786
786
785
785
785
784
784
783
783
783
783
783
782
782
782
781
780
779
779
779
778
778
777
777
777
777
776
776
776
775
774
774
774
773
773
772
772
771
771
771
771
771
770
770
769
769
768
768
768
767
767
766
766
765
765
765
765
765
764
764
763
762
762
761
761
760
760
759
759
759
758
757
757
755
754
754
753
753
752
751
750
750
750
749
749
749
746
746
745
745
745
744
743
742
741
741
741
740
739
738
738
738
737
737
736
734
734
733
733
732
731
731
730
728
728
727
727
726
723
720
720
720
719
719
717
716
716
713
712
712
711
708
705
705
703
702
701
700
700
700
699
695
694
693
692
692
691
690
688
686
682
680
677
677
677
675
674
672
671
671
670
670
669
669
669
668
666
665
664
664
664
663
663
662
662
660
659
654
654
653
653
652
652
651
651
649
649
649
648
647
646
646
646
645
645
644
643
641
640
639
639
638
637
637
637
633
632
631
630
630
630
629
628
626
626
624
624
624
623
623
623
621
621
620
620
619
618
617
616
616
615
615
615
614
614
614
613
613
612
610
609
607
607
605
602
602
602
601
601
600
600
599
599
598
598
597
597
597
594
594
592
591
590
590
586
585
584
583
582
581
581
581
580
579
579
578
577
575
572
572
571
569
568
568
567
566
564
563
563
561
560
560
559
555
553
538
536
535
535
533
531
531
518
515
512
510
509
494
416
6000
6000
6000
6000
6000
6000
6000
6000
6000
6000
4750
3393
3268
2986
2707
2601
2306
2118
2105
2104
2025
1937
1921
1902
1877
1728
1719
1643
1603
1599
1462
1445
1385
1368
1330
1313
1313
1300
1243
1170
1121
1116
1108
1089
1082
1060
986
975
951
937
924
917
877
851
784
771
763
753
726
707
697
689
684
681
674
668
667
658
652
652
650
649
645
644
644
641
637
636
633
630
627
622
617
617
616
614
614
610
608
607
602
601
600
598
598
596
596
594
594
593
591
588
588
588
587
584
581
578
576
574
574
571
570
570
570
560
559
557
557
556
556
553
552
549
548
546
544
544
540
540
539
539
539
538
537
537
537
536
536
535
535
535
534
534
531
531
528
526
526
525
525
525
525
525
524
524
523
523
523
522
522
522
521
521
521
521
520
520
520
519
519
519
518
518
518
517
517
516
516
516
516
516
516
516
516
515
515
515
515
515
515
515
515
515
515
514
514
514
514
514
514
514
514
514
514
514
514
514
514
514
513
513
513
513
513
513
513
513
513
512
512
512
512
512
512
512
512
512
512
512
512
512
512
512
512
512
512
512
512
511
511
511
511
511
511
511
511
511
511
511
511
511
511
511
511
511
511
511
511
511
511
510
510
510
510
510
510
510
510
510
510
510
510
510
510
510
510
510
510
510
510
510
510
510
510
510
510
510
510
510
510
510
510
510
510
510
510
510
510
510
510
510
510
510
510
509
509
509
509
509
509
509
509
509
509
509
509
509
509
509
509
509
509
509
509
509
509
509
509
509
509
509
509
509
509
509
509
509
509
509
509
509
509
509
509
509
509
509
509
509
509
509
509
509
509
509
509
508
508
508
508
508
508
508
508
508
508
508
508
508
508
508
508
508
508
508
508
508
508
508
508
508
507
507
507
507
507
507
507
507
507
507
507
507
507
507
507
507
506
478
6000
6000
5196
4141
3603
3435
3324
2806
2482
2349
2220
2027
1949
1839
1479
1370
1360
1300
1276
1252
1246
1204
1164
1145
1076
1037
1009
919
906
882
769
762
747
738
732
720
702
696
688
688
684
674
667
664
664
663
663
661
660
658
651
646
640
638
636
635
633
633
632
632
627
626
625
624
624
622
621
620
616
616
616
612
611
608
606
605
602
601
596
594
593
593
591
587
587
582
582
581
580
579
578
578
578
577
576
575
568
568
567
566
566
565
564
563
560
559
559
559
556
554
549
549
548
548
548
548
547
543
542
542
541
541
541
540
539
538
538
538
538
537
536
535
535
534
534
530
528
528
527
527
526
526
526
524
524
523
522
521
521
520
520
519
519
518
518
518
518
517
517
516
516
516
516
516
516
516
515
515
515
515
515
515
515
515
515
515
515
515
515
515
514
514
514
514
514
514
514
514
514
514
514
514
514
514
514
514
514
514
514
514
514
514
514
514
514
513
513
513
513
513
513
513
513
513
513
513
513
513
513
513
512
512
512
512
512
512
512
512
512
512
512
512
512
512
512
512
512
512
512
512
511
511
511
511
511
511
511
511
511
511
511
511
511
511
511
511
511
511
511
511
511
511
511
511
511
510
510
510
510
510
510
510
510
510
510
510
510
510
510
510
510
510
510
510
510
510
510
510
510
510
510
510
510
510
510
510
510
510
510
510
510
510
510
510
510
510
510
510
510
510
510
510
510
510
509
509
509
509
509
509
509
509
509
509
509
509
509
509
509
509
509
509
509
509
509
509
509
509
509
509
509
509
509
509
509
509
509
509
509
509
509
509
509
509
509
509
509
508
508
508
508
508
508
508
508
508
508
508
508
508
508
508
508
508
508
508
508
508
508
508
508
508
508
507
507
507
507
507
507
507
507
507
507
507
507
507
507
506
506
500
6000
6000
6000
6000
6000
6000
6000
6000
5460
5250
4880
4192
3872
3796
3296
3173
3150
2969
2888
2782
2776
2763
2572
2520
2490
2429
2322
2253
2162
2136
1963
1901
1844
1788
1783
1731
1682
1661
1649
1646
1645
1620
1613
1575
1571
1508
1480
1478
1457
1416
1352
1346
1344
1315
1286
1258
1230
1220
1180
1092
1081
1080
1071
1067
1048
1042
1035
989
987
977
975
971
968
962
961
952
942
925
921
913
892
890
869
865
854
834
830
803
802
802
798
797
797
797
797
794
793
791
791
787
786
785
785
784
784
783
782
781
779
778
772
771
770
769
769
768
766
766
765
764
762
759
758
754
750
748
743
740
737
737
734
733
723
722
718
717
717
717
715
707
704
696
695
692
692
691
691
686
684
684
680
679
675
674
674
671
670
670
667
667
665
664
664
664
661
660
652
651
648
647
647
645
643
641
638
638
637
635
631
631
631
629
628
627
623
623
621
621
621
620
620
618
618
617
617
617
614
614
613
612
611
610
609
608
607
606
605
603
602
602
601
600
597
595
593
592
590
589
586
586
585
583
583
583
582
581
580
579
577
575
574
573
573
572
571
569
569
568
566
565
565
564
563
561
559
559
558
554
554
554
553
552
550
549
549
547
547
546
546
544
544
544
543
543
542
541
541
540
539
539
538
537
537
537
536
536
536
535
535
535
535
535
534
534
534
533
533
533
533
531
531
530
530
530
529
529
529
528
528
526
525
525
524
523
523
523
521
521
521
521
520
520
519
518
517
517
517
516
516
516
515
515
515
515
515
514
514
514
514
513
513
513
512
512
512
512
512
511
511
511
511
511
511
511
511
511
511
511
511
511
511
510
510
510
510
510
510
510
510
510
510
510
510
510
510
510
510
510
510
509
509
509
509
509
509
509
509
509
509
509
509
509
509
509
509
508
508
508
508
508
508
508
507
507
507
507
507
506
504
320
6000
6000
6000
6000
6000
6000
6000
6000
6000
6000
6000
6000
6000
6000
6000
6000
6000
6000
6000
6000
6000
6000
6000
6000
6000
6000
6000
6000
6000
6000
6000
6000
6000
6000
6000
6000
6000
6000
6000
6000
6000
6000
6000
6000
5968
5773
5617
4914
4841
4455
4272
4025
3859
3809
3720
3452
3366
3353
3056
2859
2833
2821
2814
2687
2682
2638
2574
2526
2427
2350
2330
2288
2279
2273
2219
2195
2169
2136
2096
2093
2078
2064
2025
1954
1941
1837
1807
1796
1764
1759
1654
1650
1623
1569
1553
1513
1480
1454
1368
1319
1313
1301
1279
1275
1246
1243
1226
1150
1123
1100
1085
989
973
962
955
953
951
946
942
938
923
908
903
896
893
879
873
868
862
845
843
838
837
837
831
830
829
824
823
823
818
817
816
811
802
800
796
795
793
792
791
790
790
790
789
789
789
788
788
786
785
785
785
785
784
784
783
782
782
782
781
781
781
780
780
779
779
778
778
777
777
776
776
776
776
775
775
775
772
772
771
769
769
769
769
768
768
767
766
764
763
763
763
762
761
760
760
759
758
758
756
756
756
754
753
752
752
749
749
746
746
745
745
745
745
745
743
740
737
736
736
735
734
734
731
730
728
727
725
723
719
718
717
716
716
716
716
715
710
706
702
700
697
696
695
695
691
690
690
690
690
686
684
680
679
678
676
674
673
671
670
669
669
668
668
668
667
667
666
666
666
664
659
659
655
655
651
651
651
649
648
648
647
645
644
643
643
643
642
641
641
641
640
640
639
635
635
635
634
632
630
629
628
627
626
625
624
623
623
623
620
619
618
617
617
616
616
616
616
616
614
614
613
612
612
612
611
610
609
609
609
608
607
605
605
605
605
601
601
599
598
597
596
595
593
593
591
586
584
584
583
583
580
575
574
572
570
569
569
568
568
561
561
561
561
560
553
550
540
540
540
538
537
536
534
534
532
531
530
529
529
525
521
519
512
511
510
496
475
285
6000
6000
6000
6000
6000
6000
5949
5667
4693
3837
3706
3280
3179
2803
2534
2485
2468
2284
2230
2122
2090
2040
1999
1951
1927
1872
1759
1744
1616
1540
1516
1365
1083
1007
962
928
923
877
874
818
802
802
799
799
798
798
797
797
796
795
795
795
795
794
793
793
791
791
791
790
790
789
789
788
788
788
787
787
787
787
786
786
785
784
784
784
783
783
783
783
783
783
782
782
782
782
781
781
781
781
781
781
780
779
779
779
779
779
778
777
777
777
776
776
776
775
774
774
772
772
772
772
772
771
771
770
770
770
769
769
768
767
767
767
766
766
766
764
764
763
763
763
761
760
760
759
759
758
758
758
757
756
755
754
754
754
754
752
752
751
751
750
750
749
749
748
747
747
746
746
744
742
742
742
742
738
738
738
737
737
736
736
736
733
733
731
731
730
730
729
727
727
727
726
724
723
721
718
717
715
710
709
708
706
705
704
703
703
702
701
698
697
697
696
696
695
695
694
694
692
691
689
689
689
688
687
685
685
681
681
678
677
675
675
674
672
671
670
670
669
669
668
666
666
666
663
662
662
662
660
660
659
658
657
656
656
653
653
652
652
651
650
649
648
647
646
646
646
645
644
644
644
641
640
640
638
637
637
637
637
636
635
634
633
633
632
631
630
630
630
629
629
629
628
628
627
627
625
625
625
625
624
623
623
622
622
620
620
620
620
620
619
619
618
617
617
616
616
616
615
614
614
613
612
612
611
611
611
610
610
610
609
608
607
606
606
606
605
604
602
601
600
600
600
597
597
596
596
596
594
594
593
593
592
591
591
591
590
590
590
590
589
588
587
586
585
584
583
583
582
581
580
580
580
580
579
578
577
575
566
566
565
564
561
560
560
558
557
555
554
553
539
535
535
535
534
534
534
533
533
532
527
525
516
512
511
510
509
492
369
6000
6000
6000
6000
6000
6000
6000
6000
6000
6000
6000
6000
6000
6000
6000
6000
6000
6000
6000
6000
6000
6000
6000
6000
6000
6000
6000
6000
6000
6000
6000
6000
6000
6000
6000
6000
6000
6000
6000
6000
6000
6000
6000
6000
6000
6000
6000
6000
5829
5190
5123
5065
4912
4736
4589
4282
4250
4144
3886
3701
3666
3660
3503
3411
3144
3116
2925
2865
2687
2644
2636
2627
2489
2452
2447
2443
2430
2419
2390
2320
2311
2289
2267
2250
2249
2242
2211
2205
2194
2168
2133
2112
2110
2044
1987
1955
1918
1882
1870
1852
1842
1837
1803
1796
1790
1756
1744
1736
1714
1700
1693
1690
1675
1674
1642
1599
1599
1591
1543
1538
1524
1516
1502
1452
1445
1444
1444
1432
1431
1424
1416
1400
1381
1377
1375
1373
1369
1369
1358
1325
1314
1303
1298
1284
1273
1225
1220
1219
1218
1211
1200
1176
1173
1151
1148
1133
1133
1114
1110
1106
1090
1076
1068
1029
1018
1008
1002
1001
996
990
984
975
969
957
955
948
940
923
920
907
906
898
887
875
833
830
816
814
812
811
811
810
804
801
797
795
792
791
789
789
787
787
786
786
785
785
784
784
784
784
782
782
781
781
779
779
778
776
775
775
773
772
772
772
772
771
770
770
770
769
768
768
767
767
766
765
762
762
761
761
760
759
759
759
756
756
751
748
747
744
742
739
736
735
733
732
729
728
718
716
716
715
706
704
703
701
699
698
695
694
691
688
681
676
675
675
674
673
673
671
670
666
666
666
665
664
663
663
663
663
662
660
659
658
656
651
651
651
649
648
643
643
643
642
641
640
640
640
637
637
636
636
635
634
633
632
632
632
631
630
629
629
627
627
625
623
623
623
622
621
621
621
616
615
615
612
609
609
609
609
608
608
608
606
605
605
604
604
603
602
598
593
590
590
589
589
588
588
587
586
586
585
584
582
581
580
579
578
577
575
574
573
572
570
568
568
566
566
565
562
561
560
558
557
556
555
553
536
535
533
532
531
531
531
528
527
521
516
516
514
800
800
799
796
795
795
792
789
788
786
786
785
785
784
783
783
783
783
782
782
782
780
780
779
779
779
778
778
778
777
777
777
777
777
776
776
776
776
775
775
775
775
775
774
774
773
773
772
772
772
772
771
771
770
770
769
769
768
768
768
767
765
765
764
764
763
763
763
763
763
762
762
761
760
760
760
759
759
758
758
757
757
755
753
753
753
753
753
752
752
752
751
751
751
751
750
750
750
750
749
749
748
748
748
747
747
747
746
746
746
746
746
746
746
745
745
745
744
744
744
744
743
743
742
741
740
740
739
739
739
739
737
737
737
736
735
734
733
733
733
732
729
729
729
728
728
725
724
723
722
721
721
719
718
717
717
717
716
715
714
713
713
713
712
711
711
710
710
708
707
707
706
706
705
704
704
703
698
696
694
692
692
689
688
687
686
685
685
684
684
684
683
682
681
681
681
681
681
679
678
678
678
677
677
676
674
674
674
673
672
672
671
671
669
669
669
668
668
666
665
665
664
664
664
662
661
661
660
658
657
657
657
656
655
655
654
652
651
651
649
648
646
645
645
645
644
644
643
643
642
642
642
642
642
641
639
639
639
638
637
637
635
635
634
633
633
633
630
630
629
629
628
626
625
625
625
624
624
624
623
623
622
622
622
621
621
621
619
618
618
617
617
617
616
615
615
615
615
613
613
613
612
610
610
610
608
606
606
604
604
604
603
603
603
603
602
602
600
600
599
599
599
598
598
596
595
595
595
595
594
592
591
590
590
590
589
589
589
589
588
588
587
585
585
584
584
584
582
581
579
578
578
577
577
576
575
574
574
574
573
571
570
569
569
566
565
564
563
561
561
560
560
560
556
555
555
554
553
551
540
536
535
535
534
532
529
529
528
527
527
524
524
522
519
504
488
484
468
456
422
6000
6000
6000
6000
6000
6000
6000
6000
6000
6000
6000
6000
6000
6000
6000
6000
6000
6000
6000
6000
6000
4444
4428
4286
3751
3309
3279
3273
3162
2954
2929
2725
2639
2635
2492
2444
2300
2284
2241
2153
2115
1956
1909
1820
1788
1606
1512
1510
1506
1479
1453
1361
1328
1305
1289
1278
1203
1178
1161
1095
1087
1061
1057
1046
1045
1013
1005
1002
992
987
987
952
952
947
944
932
908
893
884
880
854
839
836
825
815
813
812
805
805
804
802
802
801
801
801
799
796
795
793
793
792
791
791
790
790
789
789
787
786
786
785
785
784
784
784
784
784
784
783
782
779
779
778
778
778
777
777
777
776
776
774
773
773
773
772
772
770
769
769
768
768
768
767
766
766
765
765
765
763
763
763
761
760
760
759
759
758
757
756
756
756
755
755
754
754
754
753
753
753
752
752
752
752
751
750
749
749
749
748
748
748
747
747
746
745
742
741
741
740
739
738
736
734
732
732
728
726
721
718
718
717
716
715
714
714
713
711
709
707
707
706
703
703
701
701
701
699
699
698
697
697
694
694
691
690
688
687
685
685
683
681
680
680
679
677
675
675
675
675
671
670
667
666
666
665
665
664
663
663
662
660
659
658
657
657
656
656
654
653
651
649
648
648
646
646
645
644
644
644
644
640
640
638
636
635
635
634
633
633
633
632
630
629
629
627
627
626
623
622
621
620
620
619
618
617
617
617
617
616
615
615
615
615
613
611
611
610
610
609
608
608
607
607
607
606
605
604
604
603
603
602
602
601
600
599
599
597
596
595
595
595
593
592
591
589
589
589
589
587
587
583
583
581
580
579
579
576
576
575
575
574
574
572
572
569
566
564
563
562
562
562
561
560
560
559
558
557
557
556
553
549
542
540
540
536
536
536
535
535
535
534
533
533
533
531
530
530
528
528
527
524
518
510
510
509
509
508
484
444
371
6000
6000
6000
6000
6000
6000
6000
6000
6000
4582
4446
4401
3996
3846
2929
2719
2581
2514
2174
2133
2114
1951
1935
1864
1858
1835
1745
1711
1667
1589
1566
1519
1459
1450
1448
1421
1372
1367
1275
1242
1220
1157
1077
903
902
851
822
808
802
801
800
800
798
798
798
797
797
796
796
795
795
795
794
793
792
791
790
789
788
788
788
788
788
788
786
785
785
785
785
785
785
784
784
783
783
783
782
782
782
782
781
780
780
779
779
779
779
778
777
777
776
776
776
776
776
775
775
774
774
774
774
772
772
772
772
771
770
770
770
769
768
768
768
768
768
768
767
767
766
766
765
764
763
763
762
762
761
760
760
759
759
759
759
758
758
754
754
753
753
752
750
750
750
750
750
749
749
749
749
748
748
748
747
746
745
745
745
744
742
742
741
740
739
738
737
736
735
735
735
734
730
729
728
727
727
726
724
722
722
722
722
720
719
716
715
715
714
711
710
709
709
708
704
704
704
704
695
691
691
688
684
683
682
682
681
680
679
679
678
678
677
674
673
672
672
671
669
667
666
666
665
664
662
662
662
661
661
661
659
657
656
654
651
651
650
649
649
648
647
647
646
645
645
645
644
644
644
643
642
641
641
640
640
640
639
639
638
638
637
637
636
635
635
634
634
632
631
631
631
628
628
627
627
627
627
625
625
625
625
625
624
622
621
621
621
621
621
620
620
620
620
619
618
618
617
617
616
616
616
615
615
615
614
614
614
613
613
613
611
611
611
610
610
609
609
609
608
606
606
606
605
605
604
603
602
601
601
600
599
599
599
598
597
594
592
591
591
589
589
589
588
587
587
587
586
585
584
583
582
581
581
581
580
580
578
577
576
575
575
573
573
572
570
570
568
567
564
564
563
563
562
561
558
556
555
555
549
544
543
536
535
534
534
531
531
521
513
509
491
462
6000
6000
6000
6000
6000
5258
3531
3504
2852
2539
1992
1543
1470
1402
1391
1385
892
838
811
809
802
802
801
800
798
798
798
797
797
797
795
795
794
794
793
792
792
792
791
791
791
791
791
790
790
788
788
787
787
787
786
786
786
786
786
786
785
785
784
784
784
783
783
783
782
782
782
781
781
780
780
780
779
778
778
778
778
777
777
777
776
776
775
775
775
774
774
774
774
773
773
773
773
773
772
772
772
772
771
771
771
770
770
769
769
769
769
769
769
768
768
767
767
767
766
766
766
765
765
765
765
765
764
764
761
761
761
760
760
759
757
757
757
757
756
756
756
755
755
754
754
754
752
752
752
751
751
751
751
751
751
750
750
750
749
749
748
748
747
746
746
746
745
744
743
743
742
742
742
740
740
738
738
737
735
734
734
732
731
731
730
729
728
727
725
722
720
719
714
714
712
710
710
710
709
709
708
708
708
705
705
705
702
701
698
697
697
697
695
691
691
691
690
689
689
689
688
687
687
685
683
682
682
681
681
679
678
677
674
674
674
672
672
670
669
668
667
666
665
664
662
662
662
662
662
661
661
661
660
660
659
659
656
655
653
653
653
652
651
649
649
648
648
648
647
646
644
644
643
643
641
640
640
640
640
635
635
634
634
634
633
632
630
629
628
628
628
628
628
627
627
626
625
625
625
624
624
624
624
623
622
622
621
619
619
619
618
617
617
616
616
614
614
613
613
613
611
611
609
608
608
608
607
607
606
606
605
605
604
604
604
603
602
600
600
600
598
598
598
597
597
596
596
594
592
592
591
591
591
591
590
590
588
588
588
587
587
585
584
584
584
584
583
582
580
579
579
577
575
574
573
572
571
570
570
567
564
564
558
557
556
553
550
536
536
536
535
535
534
534
533
533
531
530
510
438
430
288
280
246
6000
6000
6000
6000
6000
6000
6000
6000
6000
6000
6000
6000
6000
6000
6000
6000
6000
6000
6000
6000
6000
6000
6000
6000
6000
5643
5494
5492
5026
4915
4789
4617
4396
4239
3771
3762
3688
3417
3380
3066
3059
2958
2702
2676
2439
2363
2258
2236
2148
1990
1948
1891
1887
1793
1724
1703
1620
1605
1594
1447
1379
1341
1155
1122
951
873
867
861
842
839
838
807
803
799
799
799
799
798
797
796
795
795
795
793
792
792
792
791
790
787
787
786
786
785
785
785
785
784
783
782
780
779
778
778
778
777
777
777
777
777
776
776
774
774
773
773
772
771
771
771
770
768
767
766
766
766
766
766
766
766
764
764
762
762
761
761
761
760
760
760
759
759
758
757
757
757
756
756
753
753
753
752
751
751
751
750
750
749
749
749
749
747
747
746
746
746
746
744
744
741
741
738
737
737
735
735
733
733
733
732
731
730
729
728
726
726
726
722
719
718
718
717
714
712
710
704
704
702
699
697
697
697
694
694
693
689
689
688
688
686
685
681
680
676
675
675
673
672
669
668
665
664
663
663
661
660
660
659
659
657
656
656
655
655
654
654
652
652
649
649
646
646
645
645
644
644
644
644
643
643
641
641
641
640
640
640
639
639
638
638
637
636
635
634
633
632
632
632
630
630
627
626
625
624
624
624
624
623
623
623
623
622
619
619
619
618
617
616
616
615
614
613
612
610
609
609
608
608
608
608
606
605
604
604
604
602
601
601
599
598
596
596
596
595
593
593
593
591
589
588
588
586
585
585
585
585
585
583
583
581
581
581
581
579
578
578
578
571
571
570
570
569
569
568
567
563
561
561
560
559
558
557
557
557
553
549
548
545
545
536
536
536
535
535
535
534
534
534
533
533
533
533
532
531
531
530
530
529
527
526
524
523
523
521
521
521
519
513
509
508
506
506
498
495
478
471
439
437
404
255
6000
6000
6000
3667
2027
1918
1865
1526
1034
980
858
786
785
780
780
780
778
777
777
775
775
775
774
774
774
773
773
773
772
772
772
772
771
771
771
771
770
770
770
770
769
769
768
768
768
768
768
766
765
765
765
765
764
764
764
764
763
763
763
762
762
762
762
762
761
761
760
760
760
759
759
759
759
758
758
758
757
757
757
757
756
756
756
755
755
754
754
753
753
753
753
753
752
751
751
751
751
750
750
750
750
750
749
749
749
749
749
748
748
748
748
748
747
747
747
747
747
747
746
746
746
745
745
744
744
743
742
741
740
740
740
740
739
739
738
735
734
733
733
732
732
731
731
730
729
729
729
728
726
726
725
724
723
723
722
721
720
718
717
717
716
715
715
714
714
713
713
713
712
712
711
707
707
706
705
704
703
702
702
700
698
697
697
696
695
691
691
691
688
687
686
685
683
683
681
680
680
678
678
678
676
675
675
674
674
674
673
672
672
672
672
671
670
670
669
669
668
667
667
667
665
665
665
664
663
663
663
662
662
660
660
658
658
656
656
655
655
653
653
653
653
653
650
647
647
647
646
643
643
643
643
642
642
640
639
639
638
638
638
636
636
636
633
632
632
631
630
630
630
629
627
626
626
624
624
623
623
622
622
622
622
621
620
620
619
619
617
617
617
617
616
616
616
615
615
615
614
613
612
612
612
610
610
610
610
608
608
607
606
605
603
602
602
602
601
601
601
601
601
600
599
599
599
598
598
597
597
597
596
594
594
594
593
592
592
591
589
589
589
588
588
588
586
585
584
582
582
581
581
581
580
579
579
578
576
574
573
573
572
569
569
568
568
567
565
565
563
562
562
561
560
560
559
557
555
554
554
548
547
546
536
535
533
531
529
529
528
528
528
527
527
527
526
526
526
525
525
515
492
443
6000
6000
6000
6000
6000
6000
6000
6000
6000
6000
6000
5052
5018
4927
4589
4005
3983
3925
3857
3822
3738
3526
3389
3200
3145
3062
2997
2884
2785
2471
2302
2211
2076
2051
2008
1938
1935
1923
1918
1916
1888
1872
1867
1759
1746
1703
1678
1666
1652
1650
1644
1625
1622
1606
1535
1499
1475
1463
1435
1409
1408
1391
1386
1378
1370
1366
1334
1317
1302
1302
1301
1281
1256
1246
1241
1216
1212
1207
1206
1186
1185
1183
1154
1152
1149
1138
1086
1079
1072
1068
1065
1061
1053
1048
1042
1037
1028
1017
1001
1000
997
978
978
974
958
949
937
933
929
929
919
910
902
896
892
890
889
881
878
876
873
865
864
855
853
851
850
847
839
826
826
826
822
816
816
806
802
798
796
795
794
794
793
793
792
791
788
786
785
785
785
785
784
781
781
780
777
776
774
774
773
773
770
769
764
762
759
759
757
757
756
754
754
753
753
747
747
746
746
744
743
743
741
741
740
739
739
738
733
733
724
723
720
720
718
715
709
706
705
704
704
703
702
701
700
699
699
697
697
697
696
696
690
689
685
683
678
676
675
674
673
671
670
668
663
661
661
660
660
660
660
654
651
648
648
648
646
646
644
643
641
640
639
638
636
636
636
633
632
632
631
630
630
630
629
629
628
627
627
626
625
625
623
621
619
619
619
619
618
618
618
617
615
614
611
611
610
607
606
606
606
605
604
601
598
598
596
596
596
596
596
594
591
591
589
589
589
589
588
588
588
583
579
576
575
575
574
573
573
572
572
569
569
568
567
567
566
566
566
564
563
563
560
560
560
558
558
557
555
554
553
553
552
551
551
550
549
548
548
546
543
542
542
542
540
539
539
537
536
534
533
532
532
532
531
530
530
529
529
528
528
528
527
525
524
523
523
522
522
521
520
517
516
515
514
514
514
513
512
512
512
512
511
511
511
510
510
510
510
509
509
509
509
509
509
509
509
509
508
507
6000
6000
6000
6000
6000
6000
6000
5453
5084
3979
3916
3668
2815
2436
2308
2276
1909
1640
1354
1243
1048
1046
1038
1031
962
883
802
802
802
801
800
798
797
797
794
794
794
793
792
791
791
790
790
790
789
789
788
788
787
787
787
787
786
786
786
786
785
784
784
783
783
783
783
783
782
782
782
782
781
781
781
781
781
781
780
780
780
779
779
778
778
778
778
777
777
777
777
776
776
776
776
776
775
775
775
774
774
773
773
773
773
772
770
770
770
770
770
770
769
768
768
767
766
765
765
765
765
765
764
762
762
762
762
761
761
761
761
759
759
759
759
758
758
758
758
757
757
757
756
756
755
755
754
754
754
752
752
750
750
748
748
747
747
746
746
745
744
744
744
744
743
743
741
740
739
738
737
736
736
734
734
732
732
731
731
731
731
731
730
726
723
722
721
721
719
719
718
717
716
715
715
715
715
714
714
712
712
711
705
703
702
702
702
702
702
702
702
701
701
700
700
697
697
696
696
696
695
694
694
691
691
688
688
688
685
684
681
681
679
679
677
675
675
675
675
674
673
672
669
669
668
668
668
667
667
666
665
662
660
659
658
658
657
656
654
653
653
652
651
651
651
650
649
648
648
648
644
643
642
642
641
641
641
640
640
640
640
637
637
636
636
635
634
632
631
631
631
630
630
629
627
627
627
625
625
624
624
624
623
623
622
622
621
620
619
616
616
616
615
615
615
614
614
613
613
613
613
611
609
609
608
607
606
606
606
604
602
602
602
601
600
599
598
598
597
596
595
595
593
592
592
590
589
589
587
586
586
584
581
581
581
580
580
577
575
572
572
569
567
567
566
563
560
559
559
559
558
556
555
550
550
548
548
547
542
540
536
536
535
535
535
535
534
533
530
530
529
529
528
520
520
517
510
510
486
461
405
305
159
138
6000
6000
6000
6000
6000
6000
6000
6000
6000
6000
6000
5859
5433
5070
4998
4614
4242
4022
4011
3770
3472
3241
3096
2473
2436
2393
2389
2068
1856
1717
1600
1564
1419
1278
1257
1091
935
928
921
901
895
879
878
874
812
809
807
802
800
800
799
799
798
796
796
795
795
794
794
794
794
794
793
793
792
792
792
791
791
790
790
790
789
788
788
788
788
788
788
787
787
787
786
785
785
785
784
784
783
783
782
782
782
781
781
781
781
781
780
780
780
780
779
779
779
778
778
778
777
777
777
777
776
776
775
775
775
775
775
774
774
774
774
774
773
773
773
773
772
772
770
770
769
768
768
767
767
766
765
765
764
763
762
761
761
761
761
758
758
758
757
756
756
755
755
754
754
753
753
753
752
752
751
750
750
750
750
750
749
748
748
747
747
747
747
745
742
742
740
740
738
738
737
737
735
734
734
733
733
732
732
729
728
727
726
725
725
724
724
722
722
722
721
719
718
714
711
710
709
705
704
703
703
701
699
696
695
693
693
691
690
684
684
684
683
682
680
678
678
678
677
676
675
675
674
673
672
670
669
668
667
667
666
665
663
663
662
662
661
660
660
659
656
655
655
655
654
654
650
650
650
649
648
648
648
647
645
644
642
642
641
640
640
640
637
636
635
635
633
631
631
631
631
630
630
629
629
628
628
627
627
627
626
626
626
623
623
622
622
622
622
621
620
619
618
618
618
618
617
617
617
615
614
614
613
613
612
612
611
611
611
611
610
610
609
608
608
607
604
603
603
602
601
601
600
599
599
598
597
595
594
594
593
593
592
591
590
589
589
589
588
588
587
586
585
585
584
582
581
581
581
580
580
580
579
579
574
573
573
570
568
566
565
565
564
563
563
562
561
559
557
556
552
546
545
536
536
534
534
533
532
529
529
527
527
510
501
500
498
466
6000
6000
6000
1607
1263
844
800
797
796
796
795
795
793
793
793
791
791
790
790
790
788
788
788
788
788
788
787
787
786
786
785
785
785
784
784
784
784
784
784
784
784
783
783
783
783
783
783
782
782
782
781
781
780
779
778
778
778
778
778
778
777
777
777
777
776
776
776
775
774
774
773
773
773
773
772
772
771
770
770
770
770
769
769
769
769
769
768
768
767
767
767
767
766
766
766
765
765
765
764
763
762
762
761
761
761
760
760
760
759
759
759
758
756
754
754
754
754
754
753
753
752
752
752
751
751
750
750
749
749
749
748
746
745
745
745
745
744
744
744
743
743
743
742
741
739
738
736
736
735
734
734
733
733
732
732
731
728
727
727
727
726
725
725
724
724
723
723
721
721
720
719
718
718
718
717
716
713
713
712
712
711
709
709
707
703
701
699
699
698
698
696
695
695
693
693
693
692
692
689
689
686
685
685
685
684
681
680
679
678
677
677
674
674
671
671
671
668
668
668
666
665
665
665
664
663
663
662
662
662
661
660
660
659
658
658
658
657
657
656
654
654
653
653
651
650
650
649
649
647
647
646
645
645
644
644
643
643
642
641
640
640
639
638
638
638
637
637
637
636
636
636
635
635
635
634
634
634
634
633
632
632
632
631
631
630
630
629
627
627
626
626
625
624
623
622
621
620
620
620
618
618
617
617
617
615
615
615
614
613
613
613
612
612
611
611
609
608
607
607
606
605
603
603
603
603
603
602
602
600
600
599
598
597
597
596
595
595
594
593
592
589
589
588
588
588
587
586
585
584
582
582
581
581
580
580
578
576
576
575
572
572
572
570
570
570
570
569
568
566
565
565
562
562
561
560
555
553
553
548
548
537
536
536
536
536
536
535
534
533
532
521
520
512
510
510
495
488
465
461
430
6000
6000
6000
6000
6000
5897
5278
3905
3380
3367
2595
2557
2248
2042
1630
1410
1389
1386
1384
1354
1024
973
906
821
792
788
787
784
783
782
781
781
780
780
779
778
778
777
777
777
777
776
776
775
775
775
775
775
774
774
774
773
773
773
773
773
772
772
772
772
771
770
770
770
770
769
769
769
769
768
768
767
767
767
766
766
766
766
766
765
765
765
764
764
764
764
764
764
763
763
763
762
762
762
762
761
761
761
761
760
759
759
759
759
758
758
758
758
757
757
757
757
757
757
757
756
756
755
755
755
754
754
754
754
754
753
752
752
752
752
752
751
751
751
750
750
750
749
749
749
749
749
748
748
747
747
747
747
747
745
744
744
743
742
742
742
741
740
740
739
739
738
737
737
737
737
736
736
736
735
735
735
734
734
733
733
732
732
730
729
729
728
728
727
726
726
725
724
722
721
721
719
718
717
714
714
713
711
710
709
709
707
706
704
703
700
695
695
693
693
691
691
689
688
686
686
686
685
683
683
680
680
679
678
678
678
677
676
676
675
675
674
673
672
669
669
668
667
667
664
662
662
661
661
661
658
657
654
653
653
653
652
652
652
651
650
650
650
649
648
648
643
643
642
642
641
641
641
640
640
639
638
638
638
638
637
636
634
634
633
633
633
632
632
632
631
631
628
628
626
625
625
624
623
622
622
622
622
622
622
621
621
620
620
619
619
619
617
617
616
616
615
614
614
613
612
612
612
612
611
610
610
608
607
606
605
604
603
603
602
602
602
600
599
599
599
598
597
594
594
593
593
592
592
591
590
589
589
589
589
589
589
589
588
588
587
586
584
584
584
583
583
583
582
580
580
579
579
579
576
575
574
572
571
571
569
568
567
563
561
560
560
558
558
558
552
550
549
545
530
529
528
527
527
525
521
514
510
484
357
6000
6000
6000
6000
6000
6000
6000
6000
6000
6000
6000
6000
6000
6000
6000
6000
6000
6000
6000
6000
6000
6000
6000
6000
5123
4839
4770
4167
3729
3635
3410
3407
3405
2854
2587
2561
2470
2202
2189
2164
2134
2128
2087
1997
1926
1923
1808
1643
1604
1275
1199
1187
1013
907
888
874
873
829
820
802
802
799
798
798
798
798
796
796
796
795
794
793
793
791
790
790
789
787
787
787
787
786
785
785
785
784
784
783
783
783
783
783
783
783
782
782
782
782
782
782
781
780
780
780
780
780
780
780
779
778
778
778
777
777
776
776
775
775
774
774
773
773
772
772
771
771
771
770
770
770
769
769
769
768
768
768
768
768
767
767
767
767
767
766
766
766
765
764
764
763
763
761
760
760
759
758
758
758
757
757
756
755
755
755
754
754
753
752
752
751
751
751
751
751
750
750
748
748
745
745
744
744
744
743
743
743
742
742
740
740
739
738
738
737
736
736
735
734
733
733
732
731
731
730
725
724
724
723
721
720
720
719
719
718
716
714
714
714
713
711
709
709
705
704
704
703
703
702
701
700
697
696
693
692
691
690
690
689
688
687
684
681
680
678
678
677
677
676
674
674
672
668
668
668
667
667
667
666
665
664
663
663
662
658
655
654
654
650
650
650
649
648
645
644
643
643
639
639
638
638
637
637
636
636
635
634
633
633
632
631
629
627
625
624
624
623
623
623
622
622
622
622
621
621
620
620
619
619
619
617
617
616
616
616
614
613
613
613
613
612
611
611
610
609
605
605
604
604
604
602
600
600
599
598
598
597
596
596
595
594
594
592
591
591
590
589
587
584
577
577
577
577
577
575
574
574
571
571
571
569
568
566
565
565
564
564
561
561
559
559
557
554
554
553
549
542
536
536
536
536
536
535
535
535
534
533
533
532
531
530
529
528
527
526
520
516
510
506
491
477
6000
6000
6000
6000
6000
6000
6000
6000
6000
6000
6000
6000
6000
6000
6000
6000
6000
6000
6000
6000
6000
6000
5631
5470
5468
5289
4984
4776
4611
4369
3876
3696
3376
3287
3262
3191
3013
2931
2904
2778
2390
2328
2318
2277
2269
2247
2173
2159
2147
2122
2121
2114
2079
2078
2075
2038
2024
2001
1970
1965
1961
1954
1928
1925
1910
1897
1893
1880
1877
1797
1797
1771
1763
1719
1684
1662
1659
1644
1619
1615
1605
1593
1573
1565
1516
1505
1485
1485
1485
1466
1460
1443
1425
1412
1401
1351
1337
1336
1327
1313
1311
1306
1306
1287
1284
1263
1263
1250
1231
1211
1207
1181
1168
1161
1142
1132
1130
1124
1105
1087
1071
1070
1054
1054
1050
1044
1042
1042
1037
1001
959
957
956
947
943
939
923
893
882
876
873
869
849
832
828
828
820
816
815
814
812
812
805
802
799
798
796
796
795
794
794
794
792
791
791
791
790
790
789
788
788
788
787
784
781
781
780
780
779
779
778
777
777
777
775
775
774
774
773
773
772
772
772
772
770
770
770
770
770
769
767
766
766
765
763
763
763
763
762
759
759
758
758
757
755
752
752
751
750
750
748
748
748
746
745
744
743
743
742
742
741
741
739
739
738
737
735
734
734
731
731
730
729
723
722
722
720
720
719
719
718
717
717
716
715
715
714
707
704
703
702
698
695
693
692
691
691
686
683
682
679
678
677
675
675
674
674
674
673
672
669
665
664
663
662
661
661
661
660
657
657
654
654
653
652
652
650
647
647
644
643
643
642
639
639
637
636
635
635
634
632
632
631
631
630
630
630
629
626
626
625
625
624
624
624
623
622
622
620
620
619
616
615
615
614
614
614
612
612
610
608
608
607
607
606
606
605
605
605
604
602
601
600
596
593
591
591
588
586
586
585
584
584
581
579
579
577
573
573
572
571
570
570
569
565
563
561
560
558
556
555
550
549
546
543
542
538
534
533
529
525
522
517
512
512
511
510
509
509
499
6000
6000
6000
6000
6000
6000
6000
6000
6000
6000
6000
4093
3563
3285
3049
2919
2842
2677
2622
2538
2526
2358
2254
2194
2179
2027
2011
1970
1911
1878
1856
1776
1741
1662
1636
1580
1538
1530
1528
1506
1501
1338
1323
1303
1272
1271
1261
1259
1244
1242
1177
1175
1156
1138
1126
1113
1084
987
965
955
955
938
915
862
845
842
839
836
832
818
802
802
801
799
797
797
795
793
793
793
792
792
791
790
790
790
790
789
788
788
788
786
786
785
785
785
784
784
783
783
783
783
783
782
782
782
781
780
779
779
779
778
778
777
777
777
777
776
776
776
775
774
774
774
773
773
772
772
771
771
771
771
771
770
770
769
769
768
768
768
767
767
766
766
765
765
765
765
765
764
764
763
762
762
761
761
760
760
759
759
759
758
757
757
755
754
754
753
753
752
751
750
750
750
749
749
749
746
746
745
745
745
744
743
742
741
741
741
740
739
738
738
738
737
737
736
734
734
733
733
732
731
731
730
728
728
727
727
726
723
720
720
720
719
719
717
716
716
713
712
712
711
708
705
705
703
702
701
700
700
700
699
695
694
693
692
692
691
690
688
686
682
680
677
677
677
675
674
672
671
671
670
670
669
669
669
668
666
665
664
664
664
663
663
662
662
660
659
654
654
653
653
652
652
651
651
649
649
649
648
647
646
646
646
645
645
644
643
641
640
639
639
638
637
637
637
633
632
631
630
630
630
629
628
626
626
624
624
624
623
623
623
621
621
620
620
619
618
617
616
616
615
615
615
614
614
614
613
613
612
610
609
607
607
605
602
602
602
601
601
600
600
599
599
598
598
597
597
597
594
594
592
591
590
590
586
585
584
583
582
581
581
581
580
579
579
578
577
575
572
572
571
569
568
568
567
566
564
563
563
561
560
560
559
555
553
538
536
535
535
533
531
531
518
515
512
510
509
494
416
6000
6000
6000
6000
6000
6000
6000
6000
6000
6000
4750
3393
3268
2986
2707
2601
2306
2118
2105
2104
2025
1937
1921
1902
1877
1728
1719
1643
1603
1599
1462
1445
1385
1368
1330
1313
1313
1300
1243
1170
1121
1116
1108
1089
1082
1060
986
975
951
937
924
917
877
851
784
771
763
753
726
707
697
689
684
681
674
668
667
658
652
652
650
649
645
644
644
641
637
636
633
630
627
622
617
617
616
614
614
610
608
607
602
601
600
598
598
596
596
594
594
593
591
588
588
588
587
584
581
578
576
574
574
571
570
570
570
560
559
557
557
556
556
553
552
549
548
546
544
544
540
540
539
539
539
538
537
537
537
536
536
535
535
535
534
534
531
531
528
526
526
525
525
525
525
525
524
524
523
523
523
522
522
522
521
521
521
521
520
520
520
519
519
519
518
518
518
517
517
516
516
516
516
516
516
516
516
515
515
515
515
515
515
515
515
515
515
514
514
514
514
514
514
514
514
514
514
514
514
514
514
514
513
513
513
513
513
513
513
513
513
512
512
512
512
512
512
512
512
512
512
512
512
512
512
512
512
512
512
512
512
511
511
511
511
511
511
511
511
511
511
511
511
511
511
511
511
511
511
511
511
511
511
510
510
510
510
510
510
510
510
510
510
510
510
510
510
510
510
510
510
510
510
510
510
510
510
510
510
510
510
510
510
510
510
510
510
510
510
510
510
510
510
510
510
510
510
509
509
509
509
509
509
509
509
509
509
509
509
509
509
509
509
509
509
509
509
509
509
509
509
509
509
509
509
509
509
509
509
509
509
509
509
509
509
509
509
509
509
509
509
509
509
509
509
509
509
509
509
508
508
508
508
508
508
508
508
508
508
508
508
508
508
508
508
508
508
508
508
508
508
508
508
508
507
507
507
507
507
507
507
507
507
507
507
507
507
507
507
507
506
478
6000
6000
5196
4141
3603
3435
3324
2806
2482
2349
2220
2027
1949
1839
1479
1370
1360
1300
1276
1252
1246
1204
1164
1145
1076
1037
1009
919
906
882
769
762
747
738
732
720
702
696
688
688
684
674
667
664
664
663
663
661
660
658
651
646
640
638
636
635
633
633
632
632
627
626
625
624
624
622
621
620
616
616
616
612
611
608
606
605
602
601
596
594
593
593
591
587
587
582
582
581
580
579
578
578
578
577
576
575
568
568
567
566
566
565
564
563
560
559
559
559
556
554
549
549
548
548
548
548
547
543
542
542
541
541
541
540
539
538
538
538
538
537
536
535
535
534
534
530
528
528
527
527
526
526
526
524
524
523
522
521
521
520
520
519
519
518
518
518
518
517
517
516
516
516
516
516
516
516
515
515
515
515
515
515
515
515
515
515
515
515
515
515
514
514
514
514
514
514
514
514
514
514
514
514
514
514
514
514
514
514
514
514
514
514
514
514
514
513
513
513
513
513
513
513
513
513
513
513
513
513
513
513
512
512
512
512
512
512
512
512
512
512
512
512
512
512
512
512
512
512
512
512
511
511
511
511
511
511
511
511
511
511
511
511
511
511
511
511
511
511
511
511
511
511
511
511
511
510
510
510
510
510
510
510
510
510
510
510
510
510
510
510
510
510
510
510
510
510
510
510
510
510
510
510
510
510
510
510
510
510
510
510
510
510
510
510
510
510
510
510
510
510
510
510
510
510
509
509
509
509
509
509
509
509
509
509
509
509
509
509
509
509
509
509
509
509
509
509
509
509
509
509
509
509
509
509
509
509
509
509
509
509
509
509
509
509
509
509
509
508
508
508
508
508
508
508
508
508
508
508
508
508
508
508
508
508
508
508
508
508
508
508
508
508
508
507
507
507
507
507
507
507
507
507
507
507
507
507
507
506
506
500
6000
6000
6000
6000
6000
6000
6000
6000
5460
5250
4880
4192
3872
3796
3296
3173
3150
2969
2888
2782
2776
2763
2572
2520
2490
2429
2322
2253
2162
2136
1963
1901
1844
1788
1783
1731
1682
1661
1649
1646
1645
1620
1613
1575
1571
1508
1480
1478
1457
1416
1352
1346
1344
1315
1286
1258
1230
1220
1180
1092
1081
1080
1071
1067
1048
1042
1035
989
987
977
975
971
968
962
961
952
942
925
921
913
892
890
869
865
854
834
830
803
802
802
798
797
797
797
797
794
793
791
791
787
786
785
785
784
784
783
782
781
779
778
772
771
770
769
769
768
766
766
765
764
762
759
758
754
750
748
743
740
737
737
734
733
723
722
718
717
717
717
715
707
704
696
695
692
692
691
691
686
684
684
680
679
675
674
674
671
670
670
667
667
665
664
664
664
661
660
652
651
648
647
647
645
643
641
638
638
637
635
631
631
631
629
628
627
623
623
621
621
621
620
620
618
618
617
617
617
614
614
613
612
611
610
609
608
607
606
605
603
602
602
601
600
597
595
593
592
590
589
586
586
585
583
583
583
582
581
580
579
577
575
574
573
573
572
571
569
569
568
566
565
565
564
563
561
559
559
558
554
554
554
553
552
550
549
549
547
547
546
546
544
544
544
543
543
542
541
541
540
539
539
538
537
537
537
536
536
536
535
535
535
535
535
534
534
534
533
533
533
533
531
531
530
530
530
529
529
529
528
528
526
525
525
524
523
523
523
521
521
521
521
520
520
519
518
517
517
517
516
516
516
515
515
515
515
515
514
514
514
514
513
513
513
512
512
512
512
512
511
511
511
511
511
511
511
511
511
511
511
511
511
511
510
510
510
510
510
510
510
510
510
510
510
510
510
510
510
510
510
510
509
509
509
509
509
509
509
509
509
509
509
509
509
509
509
509
508
508
508
508
508
508
508
507
507
507
507
507
506
504
320
6000
6000
6000
6000
6000
6000
6000
6000
6000
6000
6000
6000
6000
6000
6000
6000
6000
6000
6000
6000
6000
6000
6000
6000
6000
6000
6000
6000
6000
6000
6000
6000
6000
6000
6000
6000
6000
6000
6000
6000
6000
6000
6000
6000
5968
5773
5617
4914
4841
4455
4272
4025
3859
3809
3720
3452
3366
3353
3056
2859
2833
2821
2814
2687
2682
2638
2574
2526
2427
2350
2330
2288
2279
2273
2219
2195
2169
2136
2096
2093
2078
2064
2025
1954
1941
1837
1807
1796
1764
1759
1654
1650
1623
1569
1553
1513
1480
1454
1368
1319
1313
1301
1279
1275
1246
1243
1226
1150
1123
1100
1085
989
973
962
955
953
951
946
942
938
923
908
903
896
893
879
873
868
862
845
843
838
837
837
831
830
829
824
823
823
818
817
816
811
802
800
796
795
793
792
791
790
790
790
789
789
789
788
788
786
785
785
785
785
784
784
783
782
782
782
781
781
781
780
780
779
779
778
778
777
777
776
776
776
776
775
775
775
772
772
771
769
769
769
769
768
768
767
766
764
763
763
763
762
761
760
760
759
758
758
756
756
756
754
753
752
752
749
749
746
746
745
745
745
745
745
743
740
737
736
736
735
734
734
731
730
728
727
725
723
719
718
717
716
716
716
716
715
710
706
702
700
697
696
695
695
691
690
690
690
690
686
684
680
679
678
676
674
673
671
670
669
669
668
668
668
667
667
666
666
666
664
659
659
655
655
651
651
651
649
648
648
647
645
644
643
643
643
642
641
641
641
640
640
639
635
635
635
634
632
630
629
628
627
626
625
624
623
623
623
620
619
618
617
617
616
616
616
616
616
614
614
613
612
612
612
611
610
609
609
609
608
607
605
605
605
605
601
601
599
598
597
596
595
593
593
591
586
584
584
583
583
580
575
574
572
570
569
569
568
568
561
561
561
561
560
553
550
540
540
540
538
537
536
534
534
532
531
530
529
529
525
521
519
512
511
510
496
475
285
6000
6000
6000
6000
6000
6000
5949
5667
4693
3837
3706
3280
3179
2803
2534
2485
2468
2284
2230
2122
2090
2040
1999
1951
1927
1872
1759
1744
1616
1540
1516
1365
1083
1007
962
928
923
877
874
818
802
802
799
799
798
798
797
797
796
795
795
795
795
794
793
793
791
791
791
790
790
789
789
788
788
788
787
787
787
787
786
786
785
784
784
784
783
783
783
783
783
783
782
782
782
782
781
781
781
781
781
781
780
779
779
779
779
779
778
777
777
777
776
776
776
775
774
774
772
772
772
772
772
771
771
770
770
770
769
769
768
767
767
767
766
766
766
764
764
763
763
763
761
760
760
759
759
758
758
758
757
756
755
754
754
754
754
752
752
751
751
750
750
749
749
748
747
747
746
746
744
742
742
742
742
738
738
738
737
737
736
736
736
733
733
731
731
730
730
729
727
727
727
726
724
723
721
718
717
715
710
709
708
706
705
704
703
703
702
701
698
697
697
696
696
695
695
694
694
692
691
689
689
689
688
687
685
685
681
681
678
677
675
675
674
672
671
670
670
669
669
668
666
666
666
663
662
662
662
660
660
659
658
657
656
656
653
653
652
652
651
650
649
648
647
646
646
646
645
644
644
644
641
640
640
638
637
637
637
637
636
635
634
633
633
632
631
630
630
630
629
629
629
628
628
627
627
625
625
625
625
624
623
623
622
622
620
620
620
620
620
619
619
618
617
617
616
616
616
615
614
614
613
612
612
611
611
611
610
610
610
609
608
607
606
606
606
605
604
602
601
600
600
600
597
597
596
596
596
594
594
593
593
592
591
591
591
590
590
590
590
589
588
587
586
585
584
583
583
582
581
580
580
580
580
579
578
577
575
566
566
565
564
561
560
560
558
557
555
554
553
539
535
535
535
534
534
534
533
533
532
527
525
516
512
511
510
509
492
369
6000
6000
6000
6000
6000
6000
6000
6000
6000
6000
6000
6000
6000
6000
6000
6000
6000
6000
6000
6000
6000
6000
6000
6000
6000
6000
6000
6000
6000
6000
6000
6000
6000
6000
6000
6000
6000
6000
6000
6000
6000
6000
6000
6000
6000
6000
6000
6000
5829
5190
5123
5065
4912
4736
4589
4282
4250
4144
3886
3701
3666
3660
3503
3411
3144
3116
2925
2865
2687
2644
2636
2627
2489
2452
2447
2443
2430
2419
2390
2320
2311
2289
2267
2250
2249
2242
2211
2205
2194
2168
2133
2112
2110
2044
1987
1955
1918
1882
1870
1852
1842
1837
1803
1796
1790
1756
1744
1736
1714
1700
1693
1690
1675
1674
1642
1599
1599
1591
1543
1538
1524
1516
1502
1452
1445
1444
1444
1432
1431
1424
1416
1400
1381
1377
1375
1373
1369
1369
1358
1325
1314
1303
1298
1284
1273
1225
1220
1219
1218
1211
1200
1176
1173
1151
1148
1133
1133
1114
1110
1106
1090
1076
1068
1029
1018
1008
1002
1001
996
990
984
975
969
957
955
948
940
923
920
907
906
898
887
875
833
830
816
814
812
811
811
810
804
801
797
795
792
791
789
789
787
787
786
786
785
785
784
784
784
784
782
782
781
781
779
779
778
776
775
775
773
772
772
772
772
771
770
770
770
769
768
768
767
767
766
765
762
762
761
761
760
759
759
759
756
756
751
748
747
744
742
739
736
735
733
732
729
728
718
716
716
715
706
704
703
701
699
698
695
694
691
688
681
676
675
675
674
673
673
671
670
666
666
666
665
664
663
663
663
663
662
660
659
658
656
651
651
651
649
648
643
643
643
642
641
640
640
640
637
637
636
636
635
634
633
632
632
632
631
630
629
629
627
627
625
623
623
623
622
621
621
621
616
615
615
612
609
609
609
609
608
608
608
606
605
605
604
604
603
602
598
593
590
590
589
589
588
588
587
586
586
585
584
582
581
580
579
578
577
575
574
573
572
570
568
568
566
566
565
562
561
560
558
557
556
555
553
536
535
533
532
531
531
531
528
527
521
516
516
514
800
800
799
796
795
795
792
789
788
786
786
785
785
784
783
783
783
783
782
782
782
780
780
779
779
779
778
778
778
777
777
777
777
777
776
776
776
776
775
775
775
775
775
774
774
773
773
772
772
772
772
771
771
770
770
769
769
768
768
768
767
765
765
764
764
763
763
763
763
763
762
762
761
760
760
760
759
759
758
758
757
757
755
753
753
753
753
753
752
752
752
751
751
751
751
750
750
750
750
749
749
748
748
748
747
747
747
746
746
746
746
746
746
746
745
745
745
744
744
744
744
743
743
742
741
740
740
739
739
739
739
737
737
737
736
735
734
733
733
733
732
729
729
729
728
728
725
724
723
722
721
721
719
718
717
717
717
716
715
714
713
713
713
712
711
711
710
710
708
707
707
706
706
705
704
704
703
698
696
694
692
692
689
688
687
686
685
685
684
684
684
683
682
681
681
681
681
681
679
678
678
678
677
677
676
674
674
674
673
672
672
671
671
669
669
669
668
668
666
665
665
664
664
664
662
661
661
660
658
657
657
657
656
655
655
654
652
651
651
649
648
646
645
645
645
644
644
643
643
642
642
642
642
642
641
639
639
639
638
637
637
635
635
634
633
633
633
630
630
629
629
628
626
625
625
625
624
624
624
623
623
622
622
622
621
621
621
619
618
618
617
617
617
616
615
615
615
615
613
613
613
612
610
610
610
608
606
606
604
604
604
603
603
603
603
602
602
600
600
599
599
599
598
598
596
595
595
595
595
594
592
591
590
590
590
589
589
589
589
588
588
587
585
585
584
584
584
582
581
579
578
578
577
577
576
575
574
574
574
573
571
570
569
569
566
565
564
563
561
561
560
560
560
556
555
555
554
553
551
540
536
535
535
534
532
529
529
528
527
527
524
524
522
519
504
488
484
468
456
422
6000
6000
6000
6000
6000
6000
6000
6000
6000
6000
6000
6000
6000
6000
6000
6000
6000
6000
6000
6000
6000
4444
4428
4286
3751
3309
3279
3273
3162
2954
2929
2725
2639
2635
2492
2444
2300
2284
2241
2153
2115
1956
1909
1820
1788
1606
1512
1510
1506
1479
1453
1361
1328
1305
1289
1278
1203
1178
1161
1095
1087
1061
1057
1046
1045
1013
1005
1002
992
987
987
952
952
947
944
932
908
893
884
880
854
839
836
825
815
813
812
805
805
804
802
802
801
801
801
799
796
795
793
793
792
791
791
790
790
789
789
787
786
786
785
785
784
784
784
784
784
784
783
782
779
779
778
778
778
777
777
777
776
776
774
773
773
773
772
772
770
769
769
768
768
768
767
766
766
765
765
765
763
763
763
761
760
760
759
759
758
757
756
756
756
755
755
754
754
754
753
753
753
752
752
752
752
751
750
749
749
749
748
748
748
747
747
746
745
742
741
741
740
739
738
736
734
732
732
728
726
721
718
718
717
716
715
714
714
713
711
709
707
707
706
703
703
701
701
701
699
699
698
697
697
694
694
691
690
688
687
685
685
683
681
680
680
679
677
675
675
675
675
671
670
667
666
666
665
665
664
663
663
662
660
659
658
657
657
656
656
654
653
651
649
648
648
646
646
645
644
644
644
644
640
640
638
636
635
635
634
633
633
633
632
630
629
629
627
627
626
623
622
621
620
620
619
618
617
617
617
617
616
615
615
615
615
613
611
611
610
610
609
608
608
607
607
607
606
605
604
604
603
603
602
602
601
600
599
599
597
596
595
595
595
593
592
591
589
589
589
589
587
587
583
583
581
580
579
579
576
576
575
575
574
574
572
572
569
566
564
563
562
562
562
561
560
560
559
558
557
557
556
553
549
542
540
540
536
536
536
535
535
535
534
533
533
533
531
530
530
528
528
527
524
518
510
510
509
509
508
484
444
371
6000
6000
6000
6000
6000
6000
6000
6000
6000
4582
4446
4401
3996
3846
2929
2719
2581
2514
2174
2133
2114
1951
1935
1864
1858
1835
1745
1711
1667
1589
1566
1519
1459
1450
1448
1421
1372
1367
1275
1242
1220
1157
1077
903
902
851
822
808
802
801
800
800
798
798
798
797
797
796
796
795
795
795
794
793
792
791
790
789
788
788
788
788
788
788
786
785
785
785
785
785
785
784
784
783
783
783
782
782
782
782
781
780
780
779
779
779
779
778
777
777
776
776
776
776
776
775
775
774
774
774
774
772
772
772
772
771
770
770
770
769
768
768
768
768
768
768
767
767
766
766
765
764
763
763
762
762
761
760
760
759
759
759
759
758
758
754
754
753
753
752
750
750
750
750
750
749
749
749
749
748
748
748
747
746
745
745
745
744
742
742
741
740
739
738
737
736
735
735
735
734
730
729
728
727
727
726
724
722
722
722
722
720
719
716
715
715
714
711
710
709
709
708
704
704
704
704
695
691
691
688
684
683
682
682
681
680
679
679
678
678
677
674
673
672
672
671
669
667
666
666
665
664
662
662
662
661
661
661
659
657
656
654
651
651
650
649
649
648
647
647
646
645
645
645
644
644
644
643
642
641
641
640
640
640
639
639
638
638
637
637
636
635
635
634
634
632
631
631
631
628
628
627
627
627
627
625
625
625
625
625
624
622
621
621
621
621
621
620
620
620
620
619
618
618
617
617
616
616
616
615
615
615
614
614
614
613
613
613
611
611
611
610
610
609
609
609
608
606
606
606
605
605
604
603
602
601
601
600
599
599
599
598
597
594
592
591
591
589
589
589
588
587
587
587
586
585
584
583
582
581
581
581
580
580
578
577
576
575
575
573
573
572
570
570
568
567
564
564
563
563
562
561
558
556
555
555
549
544
543
536
535
534
534
531
531
521
513
509
491
462
6000
6000
6000
6000
6000
5258
3531
3504
2852
2539
1992
1543
1470
1402
1391
1385
892
838
811
809
802
802
801
800
798
798
798
797
797
797
795
795
794
794
793
792
792
792
791
791
791
791
791
790
790
788
788
787
787
787
786
786
786
786
786
786
785
785
784
784
784
783
783
783
782
782
782
781
781
780
780
780
779
778
778
778
778
777
777
777
776
776
775
775
775
774
774
774
774
773
773
773
773
773
772
772
772
772
771
771
771
770
770
769
769
769
769
769
769
768
768
767
767
767
766
766
766
765
765
765
765
765
764
764
761
761
761
760
760
759
757
757
757
757
756
756
756
755
755
754
754
754
752
752
752
751
751
751
751
751
751
750
750
750
749
749
748
748
747
746
746
746
745
744
743
743
742
742
742
740
740
738
738
737
735
734
734
732
731
731
730
729
728
727
725
722
720
719
714
714
712
710
710
710
709
709
708
708
708
705
705
705
702
701
698
697
697
697
695
691
691
691
690
689
689
689
688
687
687
685
683
682
682
681
681
679
678
677
674
674
674
672
672
670
669
668
667
666
665
664
662
662
662
662
662
661
661
661
660
660
659
659
656
655
653
653
653
652
651
649
649
648
648
648
647
646
644
644
643
643
641
640
640
640
640
635
635
634
634
634
633
632
630
629
628
628
628
628
628
627
627
626
625
625
625
624
624
624
624
623
622
622
621
619
619
619
618
617
617
616
616
614
614
613
613
613
611
611
609
608
608
608
607
607
606
606
605
605
604
604
604
603
602
600
600
600
598
598
598
597
597
596
596
594
592
592
591
591
591
591
590
590
588
588
588
587
587
585
584
584
584
584
583
582
580
579
579
577
575
574
573
572
571
570
570
567
564
564
558
557
556
553
550
536
536
536
535
535
534
534
533
533
531
530
510
438
430
288
280
246
6000
6000
6000
6000
6000
6000
6000
6000
6000
6000
6000
6000
6000
6000
6000
6000
6000
6000
6000
6000
6000
6000
6000
6000
6000
5643
5494
5492
5026
4915
4789
4617
4396
4239
3771
3762
3688
3417
3380
3066
3059
2958
2702
2676
2439
2363
2258
2236
2148
1990
1948
1891
1887
1793
1724
1703
1620
1605
1594
1447
1379
1341
1155
1122
951
873
867
861
842
839
838
807
803
799
799
799
799
798
797
796
795
795
795
793
792
792
792
791
790
787
787
786
786
785
785
785
785
784
783
782
780
779
778
778
778
777
777
777
777
777
776
776
774
774
773
773
772
771
771
771
770
768
767
766
766
766
766
766
766
766
764
764
762
762
761
761
761
760
760
760
759
759
758
757
757
757
756
756
753
753
753
752
751
751
751
750
750
749
749
749
749
747
747
746
746
746
746
744
744
741
741
738
737
737
735
735
733
733
733
732
731
730
729
728
726
726
726
722
719
718
718
717
714
712
710
704
704
702
699
697
697
697
694
694
693
689
689
688
688
686
685
681
680
676
675
675
673
672
669
668
665
664
663
663
661
660
660
659
659
657
656
656
655
655
654
654
652
652
649
649
646
646
645
645
644
644
644
644
643
643
641
641
641
640
640
640
639
639
638
638
637
636
635
634
633
632
632
632
630
630
627
626
625
624
624
624
624
623
623
623
623
622
619
619
619
618
617
616
616
615
614
613
612
610
609
609
608
608
608
608
606
605
604
604
604
602
601
601
599
598
596
596
596
595
593
593
593
591
589
588
588
586
585
585
585
585
585
583
583
581
581
581
581
579
578
578
578
571
571
570
570
569
569
568
567
563
561
561
560
559
558
557
557
557
553
549
548
545
545
536
536
536
535
535
535
534
534
534
533
533
533
533
532
531
531
530
530
529
527
526
524
523
523
521
521
521
519
513
509
508
506
506
498
495
478
471
439
437
404
255
6000
6000
6000
3667
2027
1918
1865
1526
1034
980
858
786
785
780
780
780
778
777
777
775
775
775
774
774
774
773
773
773
772
772
772
772
771
771
771
771
770
770
770
770
769
769
768
768
768
768
768
766
765
765
765
765
764
764
764
764
763
763
763
762
762
762
762
762
761
761
760
760
760
759
759
759
759
758
758
758
757
757
757
757
756
756
756
755
755
754
754
753
753
753
753
753
752
751
751
751
751
750
750
750
750
750
749
749
749
749
749
748
748
748
748
748
747
747
747
747
747
747
746
746
746
745
745
744
744
743
742
741
740
740
740
740
739
739
738
735
734
733
733
732
732
731
731
730
729
729
729
728
726
726
725
724
723
723
722
721
720
718
717
717
716
715
715
714
714
713
713
713
712
712
711
707
707
706
705
704
703
702
702
700
698
697
697
696
695
691
691
691
688
687
686
685
683
683
681
680
680
678
678
678
676
675
675
674
674
674
673
672
672
672
672
671
670
670
669
669
668
667
667
667
665
665
665
664
663
663
663
662
662
660
660
658
658
656
656
655
655
653
653
653
653
653
650
647
647
647
646
643
643
643
643
642
642
640
639
639
638
638
638
636
636
636
633
632
632
631
630
630
630
629
627
626
626
624
624
623
623
622
622
622
622
621
620
620
619
619
617
617
617
617
616
616
616
615
615
615
614
613
612
612
612
610
610
610
610
608
608
607
606
605
603
602
602
602
601
601
601
601
601
600
599
599
599
598
598
597
597
597
596
594
594
594
593
592
592
591
589
589
589
588
588
588
586
585
584
582
582
581
581
581
580
579
579
578
576
574
573
573
572
569
569
568
568
567
565
565
563
562
562
561
560
560
559
557
555
554
554
548
547
546
536
535
533
531
529
529
528
528
528
527
527
527
526
526
526
525
525
515
492
443
6000
6000
6000
6000
6000
6000
6000
6000
6000
6000
6000
5052
5018
4927
4589
4005
3983
3925
3857
3822
3738
3526
3389
3200
3145
3062
2997
2884
2785
2471
2302
2211
2076
2051
2008
1938
1935
1923
1918
1916
1888
1872
1867
1759
1746
1703
1678
1666
1652
1650
1644
1625
1622
1606
1535
1499
1475
1463
1435
1409
1408
1391
1386
1378
1370
1366
1334
1317
1302
1302
1301
1281
1256
1246
1241
1216
1212
1207
1206
1186
1185
1183
1154
1152
1149
1138
1086
1079
1072
1068
1065
1061
1053
1048
1042
1037
1028
1017
1001
1000
997
978
978
974
958
949
937
933
929
929
919
910
902
896
892
890
889
881
878
876
873
865
864
855
853
851
850
847
839
826
826
826
822
816
816
806
802
798
796
795
794
794
793
793
792
791
788
786
785
785
785
785
784
781
781
780
777
776
774
774
773
773
770
769
764
762
759
759
757
757
756
754
754
753
753
747
747
746
746
744
743
743
741
741
740
739
739
738
733
733
724
723
720
720
718
715
709
706
705
704
704
703
702
701
700
699
699
697
697
697
696
696
690
689
685
683
678
676
675
674
673
671
670
668
663
661
661
660
660
660
660
654
651
648
648
648
646
646
644
643
641
640
639
638
636
636
636
633
632
632
631
630
630
630
629
629
628
627
627
626
625
625
623
621
619
619
619
619
618
618
618
617
615
614
611
611
610
607
606
606
606
605
604
601
598
598
596
596
596
596
596
594
591
591
589
589
589
589
588
588
588
583
579
576
575
575
574
573
573
572
572
569
569
568
567
567
566
566
566
564
563
563
560
560
560
558
558
557
555
554
553
553
552
551
551
550
549
548
548
546
543
542
542
542
540
539
539
537
536
534
533
532
532
532
531
530
530
529
529
528
528
528
527
525
524
523
523
522
522
521
520
517
516
515
514
514
514
513
512
512
512
512
511
511
511
510
510
510
510
509
509
509
509
509
509
509
509
509
508
507
6000
6000
6000
6000
6000
6000
6000
5453
5084
3979
3916
3668
2815
2436
2308
2276
1909
1640
1354
1243
1048
1046
1038
1031
962
883
802
802
802
801
800
798
797
797
794
794
794
793
792
791
791
790
790
790
789
789
788
788
787
787
787
787
786
786
786
786
785
784
784
783
783
783
783
783
782
782
782
782
781
781
781
781
781
781
780
780
780
779
779
778
778
778
778
777
777
777
777
776
776
776
776
776
775
775
775
774
774
773
773
773
773
772
770
770
770
770
770
770
769
768
768
767
766
765
765
765
765
765
764
762
762
762
762
761
761
761
761
759
759
759
759
758
758
758
758
757
757
757
756
756
755
755
754
754
754
752
752
750
750
748
748
747
747
746
746
745
744
744
744
744
743
743
741
740
739
738
737
736
736
734
734
732
732
731
731
731
731
731
730
726
723
722
721
721
719
719
718
717
716
715
715
715
715
714
714
712
712
711
705
703
702
702
702
702
702
702
702
701
701
700
700
697
697
696
696
696
695
694
694
691
691
688
688
688
685
684
681
681
679
679
677
675
675
675
675
674
673
672
669
669
668
668
668
667
667
666
665
662
660
659
658
658
657
656
654
653
653
652
651
651
651
650
649
648
648
648
644
643
642
642
641
641
641
640
640
640
640
637
637
636
636
635
634
632
631
631
631
630
630
629
627
627
627
625
625
624
624
624
623
623
622
622
621
620
619
616
616
616
615
615
615
614
614
613
613
613
613
611
609
609
608
607
606
606
606
604
602
602
602
601
600
599
598
598
597
596
595
595
593
592
592
590
589
589
587
586
586
584
581
581
581
580
580
577
575
572
572
569
567
567
566
563
560
559
559
559
558
556
555
550
550
548
548
547
542
540
536
536
535
535
535
535
534
533
530
530
529
529
528
520
520
517
510
510
486
461
405
305
159
138
6000
6000
6000
6000
6000
6000
6000
6000
6000
6000
6000
5859
5433
5070
4998
4614
4242
4022
4011
3770
3472
3241
3096
2473
2436
2393
2389
2068
1856
1717
1600
1564
1419
1278
1257
1091
935
928
921
901
895
879
878
874
812
809
807
802
800
800
799
799
798
796
796
795
795
794
794
794
794
794
793
793
792
792
792
791
791
790
790
790
789
788
788
788
788
788
788
787
787
787
786
785
785
785
784
784
783
783
782
782
782
781
781
781
781
781
780
780
780
780
779
779
779
778
778
778
777
777
777
777
776
776
775
775
775
775
775
774
774
774
774
774
773
773
773
773
772
772
770
770
769
768
768
767
767
766
765
765
764
763
762
761
761
761
761
758
758
758
757
756
756
755
755
754
754
753
753
753
752
752
751
750
750
750
750
750
749
748
748
747
747
747
747
745
742
742
740
740
738
738
737
737
735
734
734
733
733
732
732
729
728
727
726
725
725
724
724
722
722
722
721
719
718
714
711
710
709
705
704
703
703
701
699
696
695
693
693
691
690
684
684
684
683
682
680
678
678
678
677
676
675
675
674
673
672
670
669
668
667
667
666
665
663
663
662
662
661
660
660
659
656
655
655
655
654
654
650
650
650
649
648
648
648
647
645
644
642
642
641
640
640
640
637
636
635
635
633
631
631
631
631
630
630
629
629
628
628
627
627
627
626
626
626
623
623
622
622
622
622
621
620
619
618
618
618
618
617
617
617
615
614
614
613
613
612
612
611
611
611
611
610
610
609
608
608
607
604
603
603
602
601
601
600
599
599
598
597
595
594
594
593
593
592
591
590
589
589
589
588
588
587
586
585
585
584
582
581
581
581
580
580
580
579
579
574
573
573
570
568
566
565
565
564
563
563
562
561
559
557
556
552
546
545
536
536
534
534
533
532
529
529
527
527
510
501
500
498
466
6000
6000
6000
1607
1263
844
800
797
796
796
795
795
793
793
793
791
791
790
790
790
788
788
788
788
788
788
787
787
786
786
785
785
785
784
784
784
784
784
784
784
784
783
783
783
783
783
783
782
782
782
781
781
780
779
778
778
778
778
778
778
777
777
777
777
776
776
776
775
774
774
773
773
773
773
772
772
771
770
770
770
770
769
769
769
769
769
768
768
767
767
767
767
766
766
766
765
765
765
764
763
762
762
761
761
761
760
760
760
759
759
759
758
756
754
754
754
754
754
753
753
752
752
752
751
751
750
750
749
749
749
748
746
745
745
745
745
744
744
744
743
743
743
742
741
739
738
736
736
735
734
734
733
733
732
732
731
728
727
727
727
726
725
725
724
724
723
723
721
721
720
719
718
718
718
717
716
713
713
712
712
711
709
709
707
703
701
699
699
698
698
696
695
695
693
693
693
692
692
689
689
686
685
685
685
684
681
680
679
678
677
677
674
674
671
671
671
668
668
668
666
665
665
665
664
663
663
662
662
662
661
660
660
659
658
658
658
657
657
656
654
654
653
653
651
650
650
649
649
647
647
646
645
645
644
644
643
643
642
641
640
640
639
638
638
638
637
637
637
636
636
636
635
635
635
634
634
634
634
633
632
632
632
631
631
630
630
629
627
627
626
626
625
624
623
622
621
620
620
620
618
618
617
617
617
615
615
615
614
613
613
613
612
612
611
611
609
608
607
607
606
605
603
603
603
603
603
602
602
600
600
599
598
597
597
596
595
595
594
593
592
589
589
588
588
588
587
586
585
584
582
582
581
581
580
580
578
576
576
575
572
572
572
570
570
570
570
569
568
566
565
565
562
562
561
560
555
553
553
548
548
537
536
536
536
536
536
535
534
533
532
521
520
512
510
510
495
488
465
461
430
6000
6000
6000
6000
6000
5897
5278
3905
3380
3367
2595
2557
2248
2042
1630
1410
1389
1386
1384
1354
1024
973
906
821
792
788
787
784
783
782
781
781
780
780
779
778
778
777
777
777
777
776
776
775
775
775
775
775
774
774
774
773
773
773
773
773
772
772
772
772
771
770
770
770
770
769
769
769
769
768
768
767
767
767
766
766
766
766
766
765
765
765
764
764
764
764
764
764
763
763
763
762
762
762
762
761
761
761
761
760
759
759
759
759
758
758
758
758
757
757
757
757
757
757
757
756
756
755
755
755
754
754
754
754
754
753
752
752
752
752
752
751
751
751
750
750
750
749
749
749
749
749
748
748
747
747
747
747
747
745
744
744
743
742
742
742
741
740
740
739
739
738
737
737
737
737
736
736
736
735
735
735
734
734
733
733
732
732
730
729
729
728
728
727
726
726
725
724
722
721
721
719
718
717
714
714
713
711
710
709
709
707
706
704
703
700
695
695
693
693
691
691
689
688
686
686
686
685
683
683
680
680
679
678
678
678
677
676
676
675
675
674
673
672
669
669
668
667
667
664
662
662
661
661
661
658
657
654
653
653
653
652
652
652
651
650
650
650
649
648
648
643
643
642
642
641
641
641
640
640
639
638
638
638
638
637
636
634
634
633
633
633
632
632
632
631
631
628
628
626
625
625
624
623
622
622
622
622
622
622
621
621
620
620
619
619
619
617
617
616
616
615
614
614
613
612
612
612
612
611
610
610
608
607
606
605
604
603
603
602
602
602
600
599
599
599
598
597
594
594
593
593
592
592
591
590
589
589
589
589
589
589
589
588
588
587
586
584
584
584
583
583
583
582
580
580
579
579
579
576
575
574
572
571
571
569
568
567
563
561
560
560
558
558
558
552
550
549
545
530
529
528
527
527
525
521
514
510
484
357
6000
6000
6000
6000
6000
6000
6000
6000
6000
6000
6000
6000
6000
6000
6000
6000
6000
6000
6000
6000
6000
6000
6000
6000
5123
4839
4770
4167
3729
3635
3410
3407
3405
2854
2587
2561
2470
2202
2189
2164
2134
2128
2087
1997
1926
1923
1808
1643
1604
1275
1199
1187
1013
907
888
874
873
829
820
802
802
799
798
798
798
798
796
796
796
795
794
793
793
791
790
790
789
787
787
787
787
786
785
785
785
784
784
783
783
783
783
783
783
783
782
782
782
782
782
782
781
780
780
780
780
780
780
780
779
778
778
778
777
777
776
776
775
775
774
774
773
773
772
772
771
771
771
770
770
770
769
769
769
768
768
768
768
768
767
767
767
767
767
766
766
766
765
764
764
763
763
761
760
760
759
758
758
758
757
757
756
755
755
755
754
754
753
752
752
751
751
751
751
751
750
750
748
748
745
745
744
744
744
743
743
743
742
742
740
740
739
738
738
737
736
736
735
734
733
733
732
731
731
730
725
724
724
723
721
720
720
719
719
718
716
714
714
714
713
711
709
709
705
704
704
703
703
702
701
700
697
696
693
692
691
690
690
689
688
687
684
681
680
678
678
677
677
676
674
674
672
668
668
668
667
667
667
666
665
664
663
663
662
658
655
654
654
650
650
650
649
648
645
644
643
643
639
639
638
638
637
637
636
636
635
634
633
633
632
631
629
627
625
624
624
623
623
623
622
622
622
622
621
621
620
620
619
619
619
617
617
616
616
616
614
613
613
613
613
612
611
611
610
609
605
605
604
604
604
602
600
600
599
598
598
597
596
596
595
594
594
592
591
591
590
589
587
584
577
577
577
577
577
575
574
574
571
571
571
569
568
566
565
565
564
564
561
561
559
559
557
554
554
553
549
542
536
536
536
536
536
535
535
535
534
533
533
532
531
530
529
528
527
526
520
516
510
506
491
477
6000
6000
6000
6000
6000
6000
6000
6000
6000
6000
6000
6000
6000
6000
6000
6000
6000
6000
6000
6000
6000
6000
5631
5470
5468
5289
4984
4776
4611
4369
3876
3696
3376
3287
3262
3191
3013
2931
2904
2778
2390
2328
2318
2277
2269
2247
2173
2159
2147
2122
2121
2114
2079
2078
2075
2038
2024
2001
1970
1965
1961
1954
1928
1925
1910
1897
1893
1880
1877
1797
1797
1771
1763
1719
1684
1662
1659
1644
1619
1615
1605
1593
1573
1565
1516
1505
1485
1485
1485
1466
1460
1443
1425
1412
1401
1351
1337
1336
1327
1313
1311
1306
1306
1287
1284
1263
1263
1250
1231
1211
1207
1181
1168
1161
1142
1132
1130
1124
1105
1087
1071
1070
1054
1054
1050
1044
1042
1042
1037
1001
959
957
956
947
943
939
923
893
882
876
873
869
849
832
828
828
820
816
815
814
812
812
805
802
799
798
796
796
795
794
794
794
792
791
791
791
790
790
789
788
788
788
787
784
781
781
780
780
779
779
778
777
777
777
775
775
774
774
773
773
772
772
772
772
770
770
770
770
770
769
767
766
766
765
763
763
763
763
762
759
759
758
758
757
755
752
752
751
750
750
748
748
748
746
745
744
743
743
742
742
741
741
739
739
738
737
735
734
734
731
731
730
729
723
722
722
720
720
719
719
718
717
717
716
715
715
714
707
704
703
702
698
695
693
692
691
691
686
683
682
679
678
677
675
675
674
674
674
673
672
669
665
664
663
662
661
661
661
660
657
657
654
654
653
652
652
650
647
647
644
643
643
642
639
639
637
636
635
635
634
632
632
631
631
630
630
630
629
626
626
625
625
624
624
624
623
622
622
620
620
619
616
615
615
614
614
614
612
612
610
608
608
607
607
606
606
605
605
605
604
602
601
600
596
593
591
591
588
586
586
585
584
584
581
579
579
577
573
573
572
571
570
570
569
565
563
561
560
558
556
555
550
549
546
543
542
538
534
533
529
525
522
517
512
512
511
510
509
509
499
6000
6000
6000
6000
6000
6000
6000
6000
6000
6000
6000
4093
3563
3285
3049
2919
2842
2677
2622
2538
2526
2358
2254
2194
2179
2027
2011
1970
1911
1878
1856
1776
1741
1662
1636
1580
1538
1530
1528
1506
1501
1338
1323
1303
1272
1271
1261
1259
1244
1242
1177
1175
1156
1138
1126
1113
1084
987
965
955
955
938
915
862
845
842
839
836
832
818
802
802
801
799
797
797
795
793
793
793
792
792
791
790
790
790
790
789
788
788
788
786
786
785
785
785
784
784
783
783
783
783
783
782
782
782
781
780
779
779
779
778
778
777
777
777
777
776
776
776
775
774
774
774
773
773
772
772
771
771
771
771
771
770
770
769
769
768
768
768
767
767
766
766
765
765
765
765
765
764
764
763
762
762
761
761
760
760
759
759
759
758
757
757
755
754
754
753
753
752
751
750
750
750
749
749
749
746
746
745
745
745
744
743
742
741
741
741
740
739
738
738
738
737
737
736
734
734
733
733
732
731
731
730
728
728
727
727
726
723
720
720
720
719
719
717
716
716
713
712
712
711
708
705
705
703
702
701
700
700
700
699
695
694
693
692
692
691
690
688
686
682
680
677
677
677
675
674
672
671
671
670
670
669
669
669
668
666
665
664
664
664
663
663
662
662
660
659
654
654
653
653
652
652
651
651
649
649
649
648
647
646
646
646
645
645
644
643
641
640
639
639
638
637
637
637
633
632
631
630
630
630
629
628
626
626
624
624
624
623
623
623
621
621
620
620
619
618
617
616
616
615
615
615
614
614
614
613
613
612
610
609
607
607
605
602
602
602
601
601
600
600
599
599
598
598
597
597
597
594
594
592
591
590
590
586
585
584
583
582
581
581
581
580
579
579
578
577
575
572
572
571
569
568
568
567
566
564
563
563
561
560
560
559
555
553
538
536
535
535
533
531
531
518
515
512
510
509
494
416
6000
6000
6000
6000
6000
6000
6000
6000
6000
6000
4750
3393
3268
2986
2707
2601
2306
2118
2105
2104
2025
1937
1921
1902
1877
1728
1719
1643
1603
1599
1462
1445
1385
1368
1330
1313
1313
1300
1243
1170
1121
1116
1108
1089
1082
1060
986
975
951
937
924
917
877
851
784
771
763
753
726
707
697
689
684
681
674
668
667
658
652
652
650
649
645
644
644
641
637
636
633
630
627
622
617
617
616
614
614
610
608
607
602
601
600
598
598
596
596
594
594
593
591
588
588
588
587
584
581
578
576
574
574
571
570
570
570
560
559
557
557
556
556
553
552
549
548
546
544
544
540
540
539
539
539
538
537
537
537
536
536
535
535
535
534
534
531
531
528
526
526
525
525
525
525
525
524
524
523
523
523
522
522
522
521
521
521
521
520
520
520
519
519
519
518
518
518
517
517
516
516
516
516
516
516
516
516
515
515
515
515
515
515
515
515
515
515
514
514
514
514
514
514
514
514
514
514
514
514
514
514
514
513
513
513
513
513
513
513
513
513
512
512
512
512
512
512
512
512
512
512
512
512
512
512
512
512
512
512
512
512
511
511
511
511
511
511
511
511
511
511
511
511
511
511
511
511
511
511
511
511
511
511
510
510
510
510
510
510
510
510
510
510
510
510
510
510
510
510
510
510
510
510
510
510
510
510
510
510
510
510
510
510
510
510
510
510
510
510
510
510
510
510
510
510
510
510
509
509
509
509
509
509
509
509
509
509
509
509
509
509
509
509
509
509
509
509
509
509
509
509
509
509
509
509
509
509
509
509
509
509
509
509
509
509
509
509
509
509
509
509
509
509
509
509
509
509
509
509
508
508
508
508
508
508
508
508
508
508
508
508
508
508
508
508
508
508
508
508
508
508
508
508
508
507
507
507
507
507
507
507
507
507
507
507
507
507
507
507
507
506
478
6000
6000
5196
4141
3603
3435
3324
2806
2482
2349
2220
2027
1949
1839
1479
1370
1360
1300
1276
1252
1246
1204
1164
1145
1076
1037
1009
919
906
882
769
762
747
738
732
720
702
696
688
688
684
674
667
664
664
663
663
661
660
658
651
646
640
638
636
635
633
633
632
632
627
626
625
624
624
622
621
620
616
616
616
612
611
608
606
605
602
601
596
594
593
593
591
587
587
582
582
581
580
579
578
578
578
577
576
575
568
568
567
566
566
565
564
563
560
559
559
559
556
554
549
549
548
548
548
548
547
543
542
542
541
541
541
540
539
538
538
538
538
537
536
535
535
534
534
530
528
528
527
527
526
526
526
524
524
523
522
521
521
520
520
519
519
518
518
518
518
517
517
516
516
516
516
516
516
516
515
515
515
515
515
515
515
515
515
515
515
515
515
515
514
514
514
514
514
514
514
514
514
514
514
514
514
514
514
514
514
514
514
514
514
514
514
514
514
513
513
513
513
513
513
513
513
513
513
513
513
513
513
513
512
512
512
512
512
512
512
512
512
512
512
512
512
512
512
512
512
512
512
512
511
511
511
511
511
511
511
511
511
511
511
511
511
511
511
511
511
511
511
511
511
511
511
511
511
510
510
510
510
510
510
510
510
510
510
510
510
510
510
510
510
510
510
510
510
510
510
510
510
510
510
510
510
510
510
510
510
510
510
510
510
510
510
510
510
510
510
510
510
510
510
510
510
510
509
509
509
509
509
509
509
509
509
509
509
509
509
509
509
509
509
509
509
509
509
509
509
509
509
509
509
509
509
509
509
509
509
509
509
509
509
509
509
509
509
509
509
508
508
508
508
508
508
508
508
508
508
508
508
508
508
508
508
508
508
508
508
508
508
508
508
508
508
507
507
507
507
507
507
507
507
507
507
507
507
507
507
506
506
500
