4795
3619
3197
3151
3089
2868
2804
2787
2679
2365
1970
1810
1721
1494
1252
1250
1239
1223
1217
1189
1175
1143
1127
1123
1099
1088
1059
1058
1013
977
964
930
845
808
800
797
795
794
793
793
792
792
792
791
790
790
790
789
788
787
785
785
785
784
784
784
783
783
783
783
782
782
782
781
781
780
779
778
777
777
777
776
776
776
776
775
775
774
774
774
774
772
772
772
772
772
772
771
771
770
770
769
769
769
768
768
767
767
767
765
764
764
763
763
763
762
762
762
762
762
762
762
761
761
761
760
758
758
758
758
758
757
757
757
757
755
755
753
753
752
751
751
751
750
749
748
748
747
746
743
742
742
741
739
739
739
738
737
736
735
735
735
734
733
733
730
729
729
729
724
723
722
722
720
720
718
718
717
717
717
716
716
715
715
713
713
711
711
710
707
703
701
701
700
699
699
697
697
696
696
695
695
694
693
691
690
690
689
688
687
686
685
685
684
682
677
675
673
672
672
671
671
670
668
668
667
666
663
662
661
661
661
661
661
660
659
659
658
658
657
656
656
654
653
651
651
650
650
650
650
650
649
647
646
645
644
644
644
644
644
643
643
641
640
640
637
637
637
637
636
636
635
634
634
633
632
632
632
630
629
628
628
628
627
627
627
627
626
626
625
625
625
624
623
623
621
621
620
620
619
617
616
615
615
614
614
613
612
612
612
612
612
611
611
610
610
609
608
607
607
607
604
604
603
601
600
597
597
597
596
596
595
595
595
594
594
594
594
593
593
593
591
591
590
588
587
587
586
585
583
583
582
582
582
582
582
580
579
578
578
575
575
574
573
571
570
570
569
568
565
563
560
560
558
557
557
553
553
553
552
546
546
543
539
538
536
535
535
535
533
533
532
532
530
530
530
529
529
529
528
525
523
523
520
518
512
499
489
476
464
1853
1587
1380
1347
932
788
788
783
782
774
771
768
767
765
763
758
754
745
743
742
740
732
730
730
728
725
724
722
718
717
716
714
713
704
700
697
697
696
691
691
689
688
685
685
676
674
671
671
671
668
668
667
667
662
661
661
660
660
658
658
655
654
653
652
650
650
644
642
638
638
636
636
632
626
625
623
622
621
620
619
618
617
616
614
614
613
613
613
612
612
611
610
609
609
607
606
601
601
600
598
598
598
598
597
591
590
590
590
589
589
588
585
585
584
584
581
581
581
581
579
579
579
579
579
579
578
578
578
578
577
577
576
576
576
576
575
574
574
573
573
572
572
572
571
571
570
570
570
570
569
569
568
568
568
565
564
563
561
561
561
561
561
561
560
559
558
558
558
558
558
558
558
557
557
557
557
556
556
556
556
555
555
555
555
554
554
554
553
553
553
553
553
553
552
552
552
552
551
551
551
551
551
551
550
550
549
549
548
548
548
548
547
547
547
547
547
547
547
547
547
547
546
546
546
546
546
546
546
546
546
546
545
545
545
545
544
544
544
544
544
543
542
542
542
542
542
542
542
541
541
541
541
541
540
540
540
540
540
540
539
539
539
539
539
539
539
539
538
538
538
538
538
537
537
537
536
536
536
536
536
536
535
535
535
534
534
534
534
534
534
534
534
533
533
533
533
533
533
533
533
533
533
533
533
532
532
532
532
532
532
532
531
531
531
531
531
530
530
530
530
530
530
530
530
529
529
529
529
529
529
529
528
528
528
527
527
527
527
527
527
527
527
527
527
527
527
527
526
526
526
526
526
525
525
524
524
524
524
524
523
523
523
522
522
522
522
521
521
521
521
520
520
520
520
519
519
519
518
518
518
517
517
516
515
515
515
514
513
513
512
512
512
512
507
500
500
496
495
491
440
1711
1662
909
758
728
722
719
716
710
709
705
703
703
703
702
702
702
702
701
701
701
701
701
700
700
700
700
700
700
699
699
699
699
698
698
697
697
697
697
696
696
696
695
695
694
694
694
694
694
693
693
693
693
693
692
692
692
692
692
692
691
691
690
690
690
690
689
689
689
689
689
688
688
687
687
687
686
686
686
686
685
685
685
685
685
684
684
684
683
683
683
683
682
681
681
681
681
681
680
680
680
678
678
678
677
677
677
677
676
676
676
676
676
676
675
675
675
675
675
675
674
674
673
673
673
673
672
672
669
668
668
668
668
668
667
667
667
667
667
666
666
663
662
661
661
659
659
658
658
658
657
656
653
653
653
653
651
651
650
650
650
650
647
647
644
644
644
643
643
642
642
642
640
640
640
640
640
638
638
636
636
635
635
635
634
633
633
633
632
632
632
632
631
631
630
630
629
629
628
627
626
626
624
624
623
622
622
620
620
620
618
616
616
616
616
616
616
615
615
614
613
613
613
612
612
612
611
610
609
609
609
608
607
607
607
605
605
604
603
602
601
601
599
599
598
597
596
596
596
595
595
595
595
594
594
594
594
594
593
593
593
592
591
591
591
591
590
590
590
589
589
588
588
588
588
586
586
586
586
586
585
585
585
584
583
582
582
581
581
580
580
580
579
579
579
579
579
579
578
578
578
578
577
577
577
577
576
576
575
575
574
574
574
572
572
571
571
571
571
569
569
568
568
567
567
567
565
565
565
565
564
564
564
564
564
564
563
563
562
562
561
561
561
561
561
560
560
559
558
558
558
558
558
557
557
555
555
555
554
553
553
552
552
552
552
551
550
549
549
547
546
544
544
541
541
540
539
538
537
537
535
534
534
526
524
519
517
512
512
509
498
496
494
493
493
493
492
486
475
445
4770
3369
3260
3260
3257
3252
3241
3081
3048
2870
2828
2513
2372
2297
2022
1664
1341
1339
1251
1210
1200
1034
998
954
949
814
808
799
797
794
793
789
788
787
786
783
783
783
781
780
779
779
778
777
776
775
774
773
772
772
771
770
767
765
763
763
762
760
760
760
759
759
758
758
758
756
756
755
755
754
754
754
753
753
753
753
753
752
752
751
750
749
749
748
748
748
747
746
745
742
742
739
739
738
737
736
735
734
734
733
732
730
730
730
729
728
727
725
725
724
723
722
722
722
721
721
721
721
720
718
716
716
713
712
712
712
712
711
711
711
710
710
709
709
706
706
705
705
704
704
703
702
698
697
697
696
694
694
694
693
691
691
688
687
686
685
685
685
683
683
681
681
680
680
679
679
679
678
677
676
676
675
675
675
673
673
671
671
669
669
668
668
668
667
666
665
664
662
659
659
656
656
653
652
651
650
649
649
648
648
648
647
646
645
645
645
645
645
645
645
644
644
643
643
643
642
641
641
641
641
640
640
640
639
639
638
637
636
635
635
635
635
634
634
634
633
633
632
631
630
630
630
630
630
630
629
629
628
628
628
628
628
627
627
627
627
627
627
626
626
626
626
625
625
625
625
624
624
622
622
621
620
620
620
620
619
618
618
617
617
617
617
617
617
617
616
616
615
615
615
615
615
615
614
614
613
613
611
611
611
611
611
610
610
609
609
609
609
609
607
606
606
605
605
605
605
605
605
604
604
604
603
603
603
601
601
601
600
600
599
598
598
598
598
597
597
597
597
595
595
595
595
594
594
593
593
592
592
592
590
590
589
589
589
588
587
586
585
585
584
582
582
581
580
580
579
577
576
576
575
575
575
573
571
570
569
567
567
565
565
565
564
564
564
562
562
560
560
558
558
556
546
533
527
522
518
474
294
294
204
3162
2879
2878
2874
2620
2610
2387
2278
2219
2082
2056
1991
1882
1875
1856
1579
1462
1326
1261
1202
1188
1103
936
904
862
832
825
814
809
801
797
796
795
795
794
793
793
791
789
789
788
787
787
787
786
786
785
785
785
784
784
784
783
783
782
782
781
781
781
780
780
779
779
779
779
777
777
777
777
777
776
776
775
775
775
774
774
774
773
773
773
772
772
772
771
769
768
767
767
767
767
766
765
765
765
764
764
764
764
763
763
763
762
762
762
762
761
761
761
761
761
761
760
760
760
758
758
758
758
757
757
756
756
756
755
754
754
754
753
752
752
751
751
750
750
749
749
749
748
748
748
748
747
747
746
746
746
745
745
745
745
745
744
743
742
741
741
740
740
739
739
738
738
738
738
738
736
736
736
734
734
733
732
731
731
728
727
727
725
725
721
720
719
719
718
718
718
716
716
712
711
711
710
707
701
700
700
699
698
696
696
696
692
691
691
691
689
688
687
686
686
684
684
683
681
681
681
680
679
679
678
678
676
675
673
672
670
668
666
664
662
662
661
660
657
657
656
655
653
653
651
651
649
649
647
646
646
644
644
643
642
640
639
639
639
638
637
636
636
636
636
635
634
633
633
632
632
630
630
630
629
628
628
626
626
625
625
624
624
623
623
622
622
621
621
621
620
619
619
617
617
617
616
616
615
615
615
614
613
613
613
612
611
611
610
609
608
608
607
607
606
606
605
605
605
605
604
604
604
602
601
601
601
601
601
600
600
599
598
598
598
597
596
594
593
593
593
593
592
592
592
592
592
591
590
590
589
588
588
588
587
586
586
585
584
584
582
582
581
578
577
577
577
576
576
575
574
573
572
571
569
569
568
567
562
561
559
559
559
556
555
555
553
551
549
540
536
535
535
534
531
525
521
514
510
510
503
486
432
337
6000
5710
4368
4290
4097
4094
4088
4086
4084
3960
3945
3939
3841
3817
3248
3016
2885
2803
2782
2760
2696
2661
2604
2590
2560
2465
2432
2429
2349
2285
2266
2241
2204
2157
2143
2140
2107
2052
2043
1933
1932
1858
1843
1842
1824
1806
1677
1605
1587
1560
1547
1533
1428
1396
1353
1307
1277
1236
1233
1221
1157
1063
892
812
802
801
801
801
799
796
795
792
791
789
788
788
786
785
785
785
785
783
783
782
782
781
781
780
780
780
779
779
778
777
777
777
777
777
775
775
774
774
773
773
772
772
772
771
771
771
771
771
770
770
769
769
768
768
768
768
767
767
766
764
764
764
763
763
763
763
762
761
761
760
760
760
760
760
760
760
760
759
758
758
758
758
757
756
756
755
755
755
754
754
753
752
752
752
752
749
749
748
748
748
747
746
746
746
746
744
743
742
742
742
741
741
740
740
739
738
738
735
735
735
735
734
734
733
731
731
730
730
729
729
728
728
728
727
726
726
726
726
725
724
720
720
719
718
715
714
713
713
711
711
709
708
706
706
705
698
696
696
696
691
690
689
689
688
688
687
684
683
679
679
678
677
673
673
673
671
668
667
667
666
665
665
664
660
660
656
656
656
656
653
653
652
651
649
649
648
646
646
645
645
642
641
641
641
640
639
638
638
637
637
636
636
635
634
634
634
633
633
633
633
632
632
632
631
631
629
628
628
625
625
624
624
624
624
623
623
623
621
621
620
620
620
620
619
619
619
618
617
617
616
616
616
615
615
615
614
613
612
612
611
608
606
605
605
604
604
603
603
601
601
600
600
600
599
599
596
593
592
592
591
591
590
590
590
589
587
586
584
583
582
581
580
579
578
578
577
576
574
572
572
572
572
572
572
571
571
571
568
566
565
563
559
558
558
555
554
546
541
540
539
536
536
536
536
535
535
535
535
533
533
533
532
529
528
525
500
5753
3654
3648
3625
3603
3334
3323
3238
2371
2355
2334
2251
2201
2190
2129
2039
1926
1876
1809
1784
1759
1731
1655
1606
1480
1473
1432
1375
1360
1358
1334
1320
1246
1126
1099
1034
1007
997
992
988
977
939
872
831
820
818
794
784
775
767
764
747
733
728
722
715
703
694
680
677
676
672
665
663
658
652
651
649
647
647
645
640
636
635
635
632
631
631
629
626
625
622
619
619
617
616
616
615
613
610
609
608
607
604
604
604
603
602
601
600
599
596
596
590
589
582
582
580
580
580
577
575
573
572
570
568
566
564
564
563
562
561
560
554
553
552
549
548
548
547
545
544
543
542
541
539
538
537
537
535
535
533
532
532
531
531
530
529
527
527
527
526
525
525
525
525
524
524
524
522
522
522
521
520
520
520
520
520
518
518
518
518
518
517
516
516
516
516
516
516
516
515
515
515
515
515
514
514
514
514
514
514
514
514
514
514
514
514
514
513
513
513
513
513
513
513
512
512
512
512
512
512
512
512
512
512
512
512
512
511
511
511
511
511
511
511
511
511
511
511
511
511
511
511
511
511
510
510
510
510
510
510
510
510
510
510
510
510
510
510
510
510
510
510
510
510
510
510
510
510
510
510
510
510
510
510
510
510
510
510
510
510
510
510
510
510
510
510
510
510
510
510
510
510
510
510
510
510
510
509
509
509
509
509
509
509
509
509
509
509
509
509
509
509
509
509
509
509
509
509
509
509
509
509
509
509
509
509
509
509
509
509
509
509
509
509
509
509
509
509
509
509
509
509
509
509
508
508
508
508
508
508
508
508
508
508
508
508
508
508
508
508
508
508
508
508
508
508
508
508
508
508
508
508
508
508
508
508
508
507
507
507
507
507
507
507
507
507
507
507
507
507
507
507
507
507
507
507
507
507
507
507
507
507
506
506
506
506
506
506
4856
3715
3089
2906
2605
2410
2234
2056
1891
1377
1373
1362
1342
1336
1303
1265
1259
1221
1156
1110
1104
1098
1086
1079
1076
1067
1050
1034
1024
1017
1014
961
947
937
913
912
911
893
887
867
849
847
844
837
825
820
815
810
802
801
799
799
798
797
796
796
795
795
794
794
793
793
792
792
792
792
791
791
791
789
789
789
788
788
788
787
787
787
785
785
785
785
785
785
784
784
784
783
783
783
783
783
782
781
780
780
780
779
779
779
778
777
777
777
777
777
776
776
776
775
774
774
774
774
774
773
773
773
772
772
771
771
771
771
770
770
770
769
769
768
768
768
767
767
766
766
765
765
764
764
764
763
763
762
761
761
761
760
760
759
759
758
758
758
757
757
757
757
757
756
756
756
756
756
755
754
752
752
752
751
751
750
750
749
749
748
748
747
747
746
746
745
743
743
742
742
742
741
741
738
737
736
736
733
732
731
730
727
727
723
721
720
719
718
718
717
717
717
716
715
715
714
712
711
711
709
708
707
705
704
703
700
699
699
699
698
698
698
695
693
693
690
690
690
687
686
684
684
683
683
683
681
681
679
679
679
678
678
678
677
677
676
673
673
673
670
669
666
665
664
663
662
661
661
660
660
659
658
658
658
658
657
655
655
654
654
653
652
651
650
645
645
645
642
641
639
638
637
636
636
636
635
634
633
631
630
630
629
629
629
628
628
627
626
625
624
624
623
621
620
619
618
617
617
616
616
616
616
615
614
614
613
613
613
612
612
610
610
610
609
608
608
607
605
605
604
604
603
602
601
601
601
601
601
600
599
599
598
597
597
597
597
597
595
594
593
592
592
591
591
589
589
589
588
587
586
586
586
585
585
581
580
575
573
571
571
568
567
566
563
563
562
561
561
560
555
549
549
534
533
532
531
529
529
528
510
510
500
484
455
3636
3124
2988
2962
2842
2718
2712
2670
2647
2614
2539
2514
2491
2462
2278
2236
2186
2028
1945
1887
1886
1838
1429
1392
1308
1296
1295
947
929
901
865
833
813
798
783
772
772
770
768
758
751
749
746
742
740
738
738
728
724
716
715
715
714
712
706
704
704
700
695
693
691
686
685
682
680
678
676
675
671
669
666
666
661
657
655
651
650
642
642
640
638
636
635
629
627
618
616
615
613
613
612
611
610
603
603
600
599
599
597
596
595
592
591
591
587
584
582
580
580
580
577
577
576
575
574
571
569
569
568
567
567
567
565
564
562
560
559
552
549
548
548
546
540
538
538
538
537
536
533
530
530
528
528
527
526
524
521
520
519
517
516
516
516
515
515
513
513
512
510
510
509
509
508
506
506
505
504
502
500
500
500
499
498
498
496
495
495
495
493
493
489
488
487
487
486
486
486
485
484
484
483
483
481
480
480
478
478
478
476
476
475
475
474
474
473
473
473
473
473
473
473
472
471
471
471
470
470
470
470
470
469
468
468
468
468
468
467
466
466
466
466
466
465
465
465
465
465
465
464
464
464
464
464
464
464
464
464
463
463
463
463
463
463
463
463
463
463
463
462
462
462
461
461
461
461
461
461
461
461
460
460
460
460
460
460
460
460
460
460
460
459
459
459
459
459
458
458
458
458
458
458
458
458
458
458
457
457
457
457
457
457
457
456
456
456
456
456
455
455
455
455
455
455
455
455
455
455
455
455
455
454
454
454
454
454
454
454
454
453
453
453
453
453
453
453
453
453
452
452
452
452
452
452
452
452
451
451
451
451
451
451
451
451
451
451
451
450
450
450
450
450
450
449
449
449
448
448
448
448
447
447
447
447
446
445
445
445
445
445
445
445
444
444
443
443
441
441
441
440
439
439
439
438
438
435
432
432
415
412
405
3872
3655
2694
2488
2465
1985
1982
1853
1841
1771
1561
1442
1272
1200
1172
1157
1145
1108
1010
979
979
901
881
853
843
827
805
800
796
796
794
794
792
790
790
790
789
789
789
788
788
788
787
786
786
786
785
784
784
784
784
784
783
781
781
780
779
778
778
777
776
776
775
774
773
773
772
772
772
772
771
771
771
771
770
769
769
768
768
768
768
767
767
767
766
766
766
765
765
765
765
765
764
764
764
764
764
764
763
763
763
763
763
762
760
759
757
757
757
756
756
756
755
754
754
753
753
753
753
753
752
752
751
751
750
750
748
748
748
747
745
745
745
745
744
744
744
743
742
741
741
741
741
740
740
740
739
739
738
736
736
736
736
735
734
733
732
732
730
729
729
729
728
727
725
725
725
725
722
721
720
719
719
719
718
717
715
713
710
708
707
706
703
703
702
702
701
700
700
699
698
698
698
697
697
696
694
693
691
690
688
685
685
685
682
682
680
678
677
676
675
672
670
669
669
668
665
660
659
659
658
658
657
657
657
656
656
655
655
654
654
653
653
652
652
652
652
652
651
651
648
646
645
645
644
644
644
643
640
640
640
640
639
638
637
637
637
636
636
636
636
636
635
635
634
634
633
633
632
632
632
631
630
630
630
629
629
629
629
628
628
627
626
625
624
623
623
622
622
621
621
620
620
620
619
619
618
618
618
618
618
617
616
615
615
614
613
613
613
612
612
611
611
611
610
610
609
609
609
608
608
608
608
605
604
604
603
603
603
602
601
600
600
598
598
598
597
597
597
596
596
596
596
594
593
593
591
591
591
591
590
590
590
590
589
589
586
586
585
584
582
581
581
580
580
579
578
578
578
578
577
574
571
565
565
565
564
563
563
559
559
557
556
555
536
536
534
532
532
531
530
529
526
517
511
509
433
381
379
67
4748
4732
4714
4052
3611
3585
3425
3320
3243
3156
2838
2809
2801
2799
2648
2453
2425
2410
2338
2331
2322
2088
1941
1910
1834
1705
1695
1646
1534
1512
1455
1446
1435
1376
1355
1339
1279
1273
1261
1225
1201
1166
1107
1086
1082
1075
1071
1066
1062
1052
1034
1011
959
952
944
908
898
893
872
863
838
838
836
835
833
830
826
822
818
811
791
786
785
781
780
780
780
779
775
774
774
774
772
772
771
771
771
769
767
763
763
762
762
762
762
762
761
761
761
760
760
759
757
757
757
755
754
753
753
751
750
749
749
747
746
746
746
745
744
743
743
741
740
737
732
730
730
726
724
723
721
720
719
719
719
719
716
715
714
712
711
711
711
710
710
710
706
703
700
697
695
692
688
688
687
686
686
682
680
679
679
679
678
678
677
676
674
674
673
672
671
671
670
670
668
667
666
665
662
659
658
656
654
654
654
653
651
650
648
648
648
647
647
647
647
646
646
642
642
641
638
637
636
633
633
629
629
627
625
623
622
621
620
620
620
619
619
619
618
617
617
616
613
613
612
611
611
610
610
610
609
608
605
605
604
603
602
602
602
602
601
601
601
599
599
598
597
597
596
596
595
595
589
589
589
589
588
586
586
585
585
583
583
579
578
578
577
576
576
575
574
573
573
573
572
572
570
568
567
564
564
564
563
562
561
557
555
555
555
554
554
549
549
548
547
546
539
539
538
538
538
536
535
535
533
533
531
531
531
530
530
530
528
525
524
524
524
523
523
522
521
521
521
520
519
517
516
514
514
512
510
510
510
509
507
506
505
505
503
502
502
500
494
493
492
490
490
486
486
484
482
478
477
476
472
471
470
469
467
453
449
447
443
441
438
434
434
430
429
428
428
428
427
425
424
363
362
362
361
360
359
356
355
355
354
352
352
351
349
348
347
346
345
345
343
341
338
338
337
337
5434
4906
3905
3498
2770
2688
2518
2517
2508
2504
2504
2474
2421
2406
2396
2264
2202
2185
2128
2083
2016
1882
1732
1725
1663
1604
1541
1537
1533
1402
1384
1355
1354
1341
1320
1319
1309
1299
1271
1268
1212
1188
969
893
800
798
797
797
797
796
796
795
794
794
793
792
792
792
791
790
790
790
789
788
788
788
787
787
787
786
785
785
785
785
784
783
783
782
781
780
780
780
779
779
779
779
779
778
777
777
777
776
776
776
776
775
774
773
773
773
773
771
771
769
769
769
768
768
768
767
767
766
766
766
766
765
765
764
764
763
763
763
763
762
762
762
762
761
760
760
760
759
759
759
758
758
758
758
758
758
756
756
756
756
755
755
754
754
753
752
752
751
751
750
750
750
749
749
749
748
748
747
746
746
746
746
745
744
744
744
743
743
742
742
742
742
741
741
740
739
739
738
738
738
737
735
732
731
731
730
730
726
725
725
725
725
723
723
721
721
720
720
719
719
719
714
713
713
712
711
709
708
707
706
705
705
704
704
701
700
700
698
696
694
693
692
691
690
687
687
687
686
683
682
679
679
678
675
674
673
672
669
669
666
664
664
662
661
661
661
660
659
656
655
654
653
652
652
651
649
649
649
649
648
648
647
647
646
646
643
641
640
639
638
637
635
634
633
633
632
632
632
631
631
631
631
628
628
628
628
628
627
627
627
626
624
623
623
622
621
621
621
621
619
617
617
617
616
615
615
615
614
613
612
612
610
610
610
610
609
609
608
607
607
606
605
605
604
604
603
603
602
601
601
601
600
600
600
599
598
598
598
598
597
597
596
595
593
592
592
591
590
588
587
586
586
586
585
585
584
584
583
582
582
580
579
578
577
577
577
577
574
574
574
572
571
570
570
567
566
566
566
564
562
560
555
554
553
545
544
536
535
534
533
532
529
529
499
307
302
1050
951
801
799
798
798
797
796
796
796
796
795
795
795
795
795
794
793
792
791
791
790
790
790
790
789
788
788
787
787
787
787
787
787
786
786
786
786
785
785
785
784
783
782
782
781
781
781
781
780
780
779
779
778
778
777
777
777
777
776
776
776
775
775
775
775
774
774
773
773
773
772
771
771
770
770
770
769
769
769
769
769
768
768
767
766
766
766
766
765
764
764
763
762
762
762
762
762
762
762
761
761
761
761
760
760
759
758
758
758
757
757
757
757
756
756
756
756
755
755
754
754
753
752
751
750
750
750
749
748
748
747
747
746
745
743
741
740
740
740
739
739
739
739
738
738
737
737
734
734
733
731
731
730
728
728
727
724
724
723
722
720
720
719
718
718
718
717
717
716
716
716
715
712
712
710
710
709
707
706
705
702
701
700
700
698
697
695
694
693
693
693
691
691
691
690
688
687
686
686
685
684
683
683
682
679
678
672
671
671
669
669
669
668
667
667
667
665
664
663
662
661
661
660
660
658
658
658
656
655
654
654
654
651
651
650
649
648
648
647
645
645
644
644
644
644
644
643
642
641
640
638
637
637
636
636
635
635
634
633
631
631
631
630
628
627
627
626
626
626
625
624
624
624
624
623
623
622
621
621
621
621
619
619
619
618
617
617
616
614
614
613
613
612
612
612
611
611
610
609
609
608
608
608
608
607
607
607
606
605
605
604
604
603
603
603
602
602
601
601
601
600
600
599
598
598
597
597
597
596
595
595
595
595
594
594
594
594
593
593
593
592
592
592
591
591
591
589
588
588
588
587
586
586
585
583
582
582
581
578
578
577
575
574
574
574
572
570
568
568
567
565
564
564
561
560
560
559
557
556
551
542
535
534
532
531
529
526
526
524
523
522
513
491
487
485
444
407
186
100
4318
4297
4292
4291
4260
3706
3271
3264
3259
3241
3238
3220
3220
3216
3192
3120
2692
2614
2549
2542
2401
2399
2301
2260
2249
2237
2229
2203
2171
2006
1953
1932
1795
1685
1620
1582
1493
1445
1405
1332
1270
1200
1196
1130
1106
1099
1097
1097
1062
1051
1040
950
900
896
895
859
842
793
766
757
739
738
714
711
711
710
704
691
690
681
678
672
671
650
647
645
642
635
634
631
625
623
617
617
617
616
612
606
605
605
604
604
603
602
601
601
597
595
594
591
590
587
584
584
582
581
580
579
577
566
565
565
564
556
554
550
549
548
547
547
542
542
536
535
535
535
534
534
532
532
532
532
531
530
529
527
527
527
527
527
526
525
525
523
523
522
522
522
521
521
521
520
520
520
519
519
519
518
518
517
516
516
515
515
514
514
514
514
514
514
514
514
513
513
513
513
513
513
513
513
513
513
513
513
513
512
512
512
512
512
512
512
512
512
512
512
512
512
512
512
512
512
512
512
512
512
511
511
511
511
511
511
511
511
511
511
511
511
511
511
511
511
511
511
511
511
511
511
511
511
510
510
510
510
510
510
510
510
510
510
510
510
510
510
510
510
510
510
510
510
510
510
510
510
510
510
510
510
510
510
510
510
510
510
510
510
510
510
510
510
510
510
510
510
509
509
509
509
509
509
509
509
509
509
509
509
509
509
509
509
509
509
509
509
509
509
509
509
509
509
509
509
509
509
509
509
509
509
509
509
509
509
509
509
509
509
509
509
509
509
509
509
509
509
509
509
509
509
508
508
508
508
508
508
508
508
508
508
508
508
508
508
508
508
508
508
508
508
508
508
508
508
508
508
508
508
508
508
508
508
508
508
508
507
507
507
507
507
507
507
507
507
507
507
507
507
507
507
507
507
507
507
507
507
507
507
507
507
507
507
506
506
506
506
506
506
506
493
491
472
4438
4423
3919
3887
3882
3878
3808
3535
3444
2769
2641
2550
2530
2507
2450
2441
2396
2221
2187
2168
2076
2063
2054
2051
1986
1966
1865
1846
1771
1695
1684
1635
1635
1633
1592
1577
1531
1522
1499
1484
1438
1368
1317
1309
1284
1271
1235
1232
1226
1186
1162
1159
1106
1080
1061
1033
1025
1010
992
964
943
936
929
929
915
910
904
889
883
851
849
845
842
832
825
810
808
797
793
792
792
790
790
789
788
788
788
787
787
786
786
786
786
785
785
784
782
782
782
782
781
781
780
780
780
777
776
775
775
774
773
772
772
771
771
770
770
769
767
767
766
766
765
765
764
764
762
762
761
761
761
759
755
755
752
751
747
746
744
743
740
740
736
735
734
734
732
725
724
724
723
722
722
718
718
717
717
715
715
715
714
713
713
712
712
712
711
710
707
706
705
705
703
702
702
701
699
698
697
697
697
696
695
695
694
691
691
690
687
684
682
681
679
678
678
673
673
672
671
670
668
668
667
664
664
662
660
659
656
654
653
651
651
651
651
647
647
643
641
637
635
634
633
633
632
632
629
629
626
623
621
620
620
620
619
618
618
617
617
617
616
616
614
614
613
612
612
612
609
608
608
606
605
605
605
604
604
604
604
603
603
603
602
602
601
600
599
598
598
598
598
598
597
597
597
596
595
595
594
594
593
592
591
591
591
590
590
590
589
589
589
589
588
588
588
586
585
584
584
582
582
582
582
581
580
579
579
579
575
573
573
573
573
572
570
568
566
566
565
565
565
564
564
563
563
562
562
561
561
560
559
558
557
557
555
554
554
552
549
548
548
548
546
545
544
544
543
542
542
542
541
540
539
539
537
536
535
535
532
532
532
532
532
532
529
528
527
527
527
526
525
524
523
521
520
520
519
519
515
514
514
513
512
511
510
510
509
509
509
509
509
509
508
508
507
505
499
496
495
433
3806
3598
3578
3576
3553
3523
3489
3442
2917
2910
2809
2803
2748
2648
2648
2616
2612
2603
2594
2555
2548
2508
2448
2438
2435
2412
2402
2377
2359
2333
2310
2288
2283
2275
2275
2266
2261
2258
2255
2254
2254
2253
2252
2236
2172
2135
2116
2107
2057
2043
2039
2039
2020
2001
1993
1967
1962
1845
1819
1807
1789
1786
1763
1723
1685
1603
1600
1547
1535
1518
1507
1494
1468
1452
1415
1378
1322
1297
1294
1287
1214
1211
1200
1109
1108
1094
1074
1010
953
945
920
904
901
882
875
870
864
861
858
847
843
837
834
827
818
814
799
799
790
787
783
783
783
776
772
767
759
759
757
746
741
733
732
731
730
728
724
721
721
721
719
717
717
715
710
695
692
692
691
686
684
679
676
675
673
672
665
665
665
665
662
659
658
657
656
654
654
652
652
649
647
646
646
644
643
641
640
636
636
634
632
632
630
630
630
628
621
621
620
617
616
615
611
610
609
604
603
601
601
601
600
598
598
597
596
596
595
595
594
592
591
590
590
587
587
585
584
582
581
578
578
577
577
574
572
571
570
570
570
569
568
567
567
567
567
566
566
565
563
563
562
562
561
560
560
560
559
558
557
557
556
554
554
553
553
553
552
551
550
549
549
548
548
547
547
546
543
541
541
540
539
539
538
538
537
537
537
536
536
536
535
535
534
534
534
534
533
533
533
532
532
532
532
531
531
531
531
530
530
530
529
528
527
526
526
524
524
523
523
521
521
521
521
521
520
520
519
519
518
517
517
517
516
516
516
516
516
516
516
515
515
515
515
515
515
514
514
514
514
514
514
513
513
513
512
512
512
512
512
512
511
511
511
511
510
510
510
510
510
510
510
509
509
509
509
509
509
509
509
509
509
509
509
509
509
509
508
508
508
508
508
508
508
508
508
508
508
508
508
508
507
507
507
507
507
507
507
507
507
507
507
507
507
507
507
507
506
506
506
212
4336
4280
3727
3725
3708
3696
3662
3645
3636
3628
3623
3613
3597
3586
3526
3510
3482
3476
3451
3416
3385
3372
3371
3370
3369
3358
3356
3346
3332
3322
3319
3281
3220
3108
3108
2818
2517
2474
2415
2375
2367
2359
2358
2274
2200
2168
2164
2162
2154
2085
2058
2029
1990
1984
1977
1948
1946
1901
1872
1872
1852
1845
1844
1840
1817
1809
1799
1779
1774
1772
1748
1733
1705
1680
1669
1638
1628
1619
1573
1502
1467
1445
1411
1389
1384
1354
1336
1306
1306
1304
1298
1290
1276
1258
1232
1217
1172
1158
1155
1106
1070
1067
1047
1030
1003
990
968
965
949
942
941
928
927
912
901
899
898
886
885
830
825
811
802
798
797
792
791
790
790
790
789
788
787
784
782
782
782
780
779
779
779
778
778
778
778
777
777
776
774
774
773
772
771
771
771
770
770
770
770
770
769
769
768
767
765
765
765
765
763
762
762
762
762
761
761
760
759
759
759
758
758
756
755
754
752
752
752
751
751
749
749
747
747
746
746
746
746
745
745
745
745
744
742
742
741
741
740
739
739
738
737
737
735
733
732
732
722
717
717
715
714
711
711
710
710
707
705
704
703
701
701
700
699
698
698
695
693
693
692
691
690
689
687
686
686
681
677
673
670
670
669
667
666
666
666
666
665
663
663
660
659
658
655
653
652
650
649
647
647
647
646
646
645
645
645
645
644
643
642
638
638
638
636
635
633
633
632
632
630
630
630
629
629
629
629
628
628
628
626
624
623
622
621
621
621
619
618
618
616
616
615
614
613
612
611
610
610
610
609
608
608
608
608
607
606
605
605
604
604
603
603
602
601
600
600
598
598
597
596
596
593
593
593
592
592
591
591
590
587
586
585
585
584
584
583
583
582
581
581
581
580
580
580
580
575
571
571
569
568
568
565
565
564
564
564
564
563
562
561
561
560
559
557
556
556
546
541
536
534
533
533
533
531
531
529
528
523
516
510
507
5016
4837
4562
4333
4273
4133
4127
4114
4096
4094
4048
3972
3859
3797
3672
3572
2950
2861
2855
2837
2831
2757
2741
2654
2640
2264
2204
2095
2074
1966
1946
1885
1869
1854
1807
1780
1760
1758
1757
1696
1548
1487
1447
1440
1421
1421
1329
1300
1285
1284
1277
1236
1227
1208
1196
1173
1171
1127
1123
1113
1108
1105
1037
979
957
927
905
901
893
875
853
850
846
845
800
784
781
780
778
776
774
771
770
769
760
755
754
750
748
747
741
737
733
729
729
728
723
723
720
719
718
718
712
711
707
707
703
703
700
693
693
689
688
680
679
677
675
672
669
668
667
663
659
657
652
649
645
642
640
640
638
637
636
633
633
632
632
631
627
620
619
617
613
613
613
612
611
607
605
604
597
596
596
594
594
593
592
590
589
588
588
588
588
584
582
582
581
581
581
580
579
579
578
578
578
578
577
577
577
576
573
573
573
572
572
570
569
569
569
568
567
565
564
563
562
562
562
561
560
559
559
559
558
557
557
557
556
556
555
555
555
555
554
553
553
552
552
550
549
549
548
546
545
545
545
544
544
544
543
543
543
542
542
541
541
541
541
541
541
541
539
538
538
538
537
536
536
536
536
536
535
535
535
535
535
535
534
534
534
534
534
533
533
533
532
532
532
532
532
532
532
532
532
532
531
531
531
531
531
531
531
531
531
530
530
530
530
530
530
530
529
529
529
528
528
528
528
528
528
528
528
528
527
527
527
527
527
527
527
527
527
527
527
526
526
526
526
526
526
526
526
525
525
525
525
525
525
524
524
524
524
524
524
524
524
524
524
523
523
523
523
522
522
522
522
522
521
521
520
520
520
520
519
519
518
518
518
518
518
517
517
517
517
517
516
516
516
516
515
515
515
515
515
515
515
515
514
514
514
513
513
513
513
513
513
512
512
512
512
512
511
511
510
510
510
508
506
498
441
403
4922
4862
3725
3514
3502
3456
3423
3407
3332
3328
3326
3306
3306
3299
3284
3270
3257
3162
3100
3065
2973
2905
2887
2855
2780
2753
2688
2659
2642
2574
2548
2533
2525
2520
2491
2399
2362
2358
2201
2109
2054
2048
2040
2020
1943
1934
1925
1865
1812
1725
1653
1612
1530
1503
1369
1357
1343
1336
1315
1282
1269
1261
1260
1244
1227
1225
1222
1212
1198
1197
1189
1187
1174
1168
1164
1156
1156
1154
1149
1144
1130
1105
1051
1036
968
940
932
923
884
878
853
849
849
838
837
818
816
810
801
801
797
790
786
785
782
780
778
778
774
773
768
759
758
758
746
738
736
733
732
730
725
717
707
705
697
695
691
690
689
689
687
684
683
680
677
677
675
674
671
670
670
669
661
661
661
657
657
657
654
649
649
649
647
647
647
642
641
640
640
639
637
634
633
631
630
630
626
625
624
623
622
619
618
615
614
614
610
605
603
602
599
597
594
591
591
588
587
587
586
585
585
582
581
578
578
577
577
577
575
575
575
575
575
574
569
568
567
567
566
565
565
564
564
564
560
559
558
558
557
556
556
555
553
553
552
550
549
548
548
548
548
547
547
546
545
545
545
544
541
540
538
538
537
537
537
536
536
536
536
536
534
534
534
533
532
530
530
529
529
529
529
529
529
527
527
527
526
526
526
525
525
525
525
525
525
524
523
523
523
523
522
522
521
521
521
519
519
519
519
517
517
517
517
517
516
516
516
515
515
515
514
514
513
513
513
513
513
513
513
512
512
512
512
512
512
512
512
512
512
512
511
511
511
511
511
511
511
511
511
511
510
510
510
510
510
510
510
510
510
510
510
510
510
510
510
510
510
510
510
510
509
509
509
509
509
509
509
509
509
509
509
509
509
509
508
508
508
508
508
508
508
508
508
508
508
508
508
508
508
508
507
507
507
507
507
507
507
507
507
507
507
507
507
507
506
506
506
465
455
441
4974
4972
4629
4552
4525
4503
4495
4311
4275
4189
3205
3124
3115
3084
2932
2922
2698
2653
2580
2484
2381
2319
2295
1885
1874
1836
1772
1702
1639
1607
1538
1439
1378
1317
1105
885
814
814
801
793
791
790
789
786
785
785
784
784
783
783
782
781
780
780
779
779
779
779
779
779
778
778
778
778
777
777
777
776
776
776
776
776
774
774
774
773
773
772
772
772
772
772
771
771
771
771
770
769
769
769
769
768
768
767
767
767
765
765
765
765
765
765
765
765
763
763
763
763
763
761
761
761
760
760
760
760
758
758
757
756
756
756
756
756
755
755
755
754
754
754
753
753
753
752
752
751
751
750
750
750
750
747
747
746
746
745
745
745
744
744
744
743
743
743
742
742
742
742
741
741
740
740
738
738
738
737
737
737
737
736
736
736
735
733
732
732
731
727
727
726
724
724
723
721
720
720
719
719
719
718
717
716
715
714
713
712
712
712
711
710
709
707
706
706
703
702
699
699
698
698
697
696
696
695
694
693
691
688
688
687
686
686
686
685
684
684
683
682
682
680
680
677
673
667
666
666
665
664
663
663
660
660
660
656
655
654
654
653
653
651
651
649
648
647
647
646
646
646
645
645
645
645
645
644
643
643
643
642
641
638
638
638
638
637
637
635
635
634
634
634
633
633
633
633
632
632
631
631
631
631
628
627
625
624
623
623
623
622
622
621
621
621
620
620
620
619
618
618
618
618
617
616
615
615
614
613
612
611
611
611
610
609
608
608
608
607
606
606
606
605
605
604
604
604
601
601
601
599
598
598
598
598
598
597
597
595
595
594
593
593
591
591
590
590
590
590
589
589
589
589
587
587
585
585
583
583
583
582
581
579
579
579
579
578
577
577
576
576
571
566
564
563
562
562
560
559
558
558
539
534
529
529
529
528
528
527
525
525
524
523
4795
3619
3197
3151
3089
2868
2804
2787
2679
2365
1970
1810
1721
1494
1252
1250
1239
1223
1217
1189
1175
1143
1127
1123
1099
1088
1059
1058
1013
977
964
930
845
808
800
797
795
794
793
793
792
792
792
791
790
790
790
789
788
787
785
785
785
784
784
784
783
783
783
783
782
782
782
781
781
780
779
778
777
777
777
776
776
776
776
775
775
774
774
774
774
772
772
772
772
772
772
771
771
770
770
769
769
769
768
768
767
767
767
765
764
764
763
763
763
762
762
762
762
762
762
762
761
761
761
760
758
758
758
758
758
757
757
757
757
755
755
753
753
752
751
751
751
750
749
748
748
747
746
743
742
742
741
739
739
739
738
737
736
735
735
735
734
733
733
730
729
729
729
724
723
722
722
720
720
718
718
717
717
717
716
716
715
715
713
713
711
711
710
707
703
701
701
700
699
699
697
697
696
696
695
695
694
693
691
690
690
689
688
687
686
685
685
684
682
677
675
673
672
672
671
671
670
668
668
667
666
663
662
661
661
661
661
661
660
659
659
658
658
657
656
656
654
653
651
651
650
650
650
650
650
649
647
646
645
644
644
644
644
644
643
643
641
640
640
637
637
637
637
636
636
635
634
634
633
632
632
632
630
629
628
628
628
627
627
627
627
626
626
625
625
625
624
623
623
621
621
620
620
619
617
616
615
615
614
614
613
612
612
612
612
612
611
611
610
610
609
608
607
607
607
604
604
603
601
600
597
597
597
596
596
595
595
595
594
594
594
594
593
593
593
591
591
590
588
587
587
586
585
583
583
582
582
582
582
582
580
579
578
578
575
575
574
573
571
570
570
569
568
565
563
560
560
558
557
557
553
553
553
552
546
546
543
539
538
536
535
535
535
533
533
532
532
530
530
530
529
529
529
528
525
523
523
520
518
512
499
489
476
464
1853
1587
1380
1347
932
788
788
783
782
774
771
768
767
765
763
758
754
745
743
742
740
732
730
730
728
725
724
722
718
717
716
714
713
704
700
697
697
696
691
691
689
688
685
685
676
674
671
671
671
668
668
667
667
662
661
661
660
660
658
658
655
654
653
652
650
650
644
642
638
638
636
636
632
626
625
623
622
621
620
619
618
617
616
614
614
613
613
613
612
612
611
610
609
609
607
606
601
601
600
598
598
598
598
597
591
590
590
590
589
589
588
585
585
584
584
581
581
581
581
579
579
579
579
579
579
578
578
578
578
577
577
576
576
576
576
575
574
574
573
573
572
572
572
571
571
570
570
570
570
569
569
568
568
568
565
564
563
561
561
561
561
561
561
560
559
558
558
558
558
558
558
558
557
557
557
557
556
556
556
556
555
555
555
555
554
554
554
553
553
553
553
553
553
552
552
552
552
551
551
551
551
551
551
550
550
549
549
548
548
548
548
547
547
547
547
547
547
547
547
547
547
546
546
546
546
546
546
546
546
546
546
545
545
545
545
544
544
544
544
544
543
542
542
542
542
542
542
542
541
541
541
541
541
540
540
540
540
540
540
539
539
539
539
539
539
539
539
538
538
538
538
538
537
537
537
536
536
536
536
536
536
535
535
535
534
534
534
534
534
534
534
534
533
533
533
533
533
533
533
533
533
533
533
533
532
532
532
532
532
532
532
531
531
531
531
531
530
530
530
530
530
530
530
530
529
529
529
529
529
529
529
528
528
528
527
527
527
527
527
527
527
527
527
527
527
527
527
526
526
526
526
526
525
525
524
524
524
524
524
523
523
523
522
522
522
522
521
521
521
521
520
520
520
520
519
519
519
518
518
518
517
517
516
515
515
515
514
513
513
512
512
512
512
507
500
500
496
495
491
440
1711
1662
909
758
728
722
719
716
710
709
705
703
703
703
702
702
702
702
701
701
701
701
701
700
700
700
700
700
700
699
699
699
699
698
698
697
697
697
697
696
696
696
695
695
694
694
694
694
694
693
693
693
693
693
692
692
692
692
692
692
691
691
690
690
690
690
689
689
689
689
689
688
688
687
687
687
686
686
686
686
685
685
685
685
685
684
684
684
683
683
683
683
682
681
681
681
681
681
680
680
680
678
678
678
677
677
677
677
676
676
676
676
676
676
675
675
675
675
675
675
674
674
673
673
673
673
672
672
669
668
668
668
668
668
667
667
667
667
667
666
666
663
662
661
661
659
659
658
658
658
657
656
653
653
653
653
651
651
650
650
650
650
647
647
644
644
644
643
643
642
642
642
640
640
640
640
640
638
638
636
636
635
635
635
634
633
633
633
632
632
632
632
631
631
630
630
629
629
628
627
626
626
624
624
623
622
622
620
620
620
618
616
616
616
616
616
616
615
615
614
613
613
613
612
612
612
611
610
609
609
609
608
607
607
607
605
605
604
603
602
601
601
599
599
598
597
596
596
596
595
595
595
595
594
594
594
594
594
593
593
593
592
591
591
591
591
590
590
590
589
589
588
588
588
588
586
586
586
586
586
585
585
585
584
583
582
582
581
581
580
580
580
579
579
579
579
579
579
578
578
578
578
577
577
577
577
576
576
575
575
574
574
574
572
572
571
571
571
571
569
569
568
568
567
567
567
565
565
565
565
564
564
564
564
564
564
563
563
562
562
561
561
561
561
561
560
560
559
558
558
558
558
558
557
557
555
555
555
554
553
553
552
552
552
552
551
550
549
549
547
546
544
544
541
541
540
539
538
537
537
535
534
534
526
524
519
517
512
512
509
498
496
494
493
493
493
492
486
475
445
4770
3369
3260
3260
3257
3252
3241
3081
3048
2870
2828
2513
2372
2297
2022
1664
1341
1339
1251
1210
1200
1034
998
954
949
814
808
799
797
794
793
789
788
787
786
783
783
783
781
780
779
779
778
777
776
775
774
773
772
772
771
770
767
765
763
763
762
760
760
760
759
759
758
758
758
756
756
755
755
754
754
754
753
753
753
753
753
752
752
751
750
749
749
748
748
748
747
746
745
742
742
739
739
738
737
736
735
734
734
733
732
730
730
730
729
728
727
725
725
724
723
722
722
722
721
721
721
721
720
718
716
716
713
712
712
712
712
711
711
711
710
710
709
709
706
706
705
705
704
704
703
702
698
697
697
696
694
694
694
693
691
691
688
687
686
685
685
685
683
683
681
681
680
680
679
679
679
678
677
676
676
675
675
675
673
673
671
671
669
669
668
668
668
667
666
665
664
662
659
659
656
656
653
652
651
650
649
649
648
648
648
647
646
645
645
645
645
645
645
645
644
644
643
643
643
642
641
641
641
641
640
640
640
639
639
638
637
636
635
635
635
635
634
634
634
633
633
632
631
630
630
630
630
630
630
629
629
628
628
628
628
628
627
627
627
627
627
627
626
626
626
626
625
625
625
625
624
624
622
622
621
620
620
620
620
619
618
618
617
617
617
617
617
617
617
616
616
615
615
615
615
615
615
614
614
613
613
611
611
611
611
611
610
610
609
609
609
609
609
607
606
606
605
605
605
605
605
605
604
604
604
603
603
603
601
601
601
600
600
599
598
598
598
598
597
597
597
597
595
595
595
595
594
594
593
593
592
592
592
590
590
589
589
589
588
587
586
585
585
584
582
582
581
580
580
579
577
576
576
575
575
575
573
571
570
569
567
567
565
565
565
564
564
564
562
562
560
560
558
558
556
546
533
527
522
518
474
294
294
204
3162
2879
2878
2874
2620
2610
2387
2278
2219
2082
2056
1991
1882
1875
1856
1579
1462
1326
1261
1202
1188
1103
936
904
862
832
825
814
809
801
797
796
795
795
794
793
793
791
789
789
788
787
787
787
786
786
785
785
785
784
784
784
783
783
782
782
781
781
781
780
780
779
779
779
779
777
777
777
777
777
776
776
775
775
775
774
774
774
773
773
773
772
772
772
771
769
768
767
767
767
767
766
765
765
765
764
764
764
764
763
763
763
762
762
762
762
761
761
761
761
761
761
760
760
760
758
758
758
758
757
757
756
756
756
755
754
754
754
753
752
752
751
751
750
750
749
749
749
748
748
748
748
747
747
746
746
746
745
745
745
745
745
744
743
742
741
741
740
740
739
739
738
738
738
738
738
736
736
736
734
734
733
732
731
731
728
727
727
725
725
721
720
719
719
718
718
718
716
716
712
711
711
710
707
701
700
700
699
698
696
696
696
692
691
691
691
689
688
687
686
686
684
684
683
681
681
681
680
679
679
678
678
676
675
673
672
670
668
666
664
662
662
661
660
657
657
656
655
653
653
651
651
649
649
647
646
646
644
644
643
642
640
639
639
639
638
637
636
636
636
636
635
634
633
633
632
632
630
630
630
629
628
628
626
626
625
625
624
624
623
623
622
622
621
621
621
620
619
619
617
617
617
616
616
615
615
615
614
613
613
613
612
611
611
610
609
608
608
607
607
606
606
605
605
605
605
604
604
604
602
601
601
601
601
601
600
600
599
598
598
598
597
596
594
593
593
593
593
592
592
592
592
592
591
590
590
589
588
588
588
587
586
586
585
584
584
582
582
581
578
577
577
577
576
576
575
574
573
572
571
569
569
568
567
562
561
559
559
559
556
555
555
553
551
549
540
536
535
535
534
531
525
521
514
510
510
503
486
432
337
6000
5710
4368
4290
4097
4094
4088
4086
4084
3960
3945
3939
3841
3817
3248
3016
2885
2803
2782
2760
2696
2661
2604
2590
2560
2465
2432
2429
2349
2285
2266
2241
2204
2157
2143
2140
2107
2052
2043
1933
1932
1858
1843
1842
1824
1806
1677
1605
1587
1560
1547
1533
1428
1396
1353
1307
1277
1236
1233
1221
1157
1063
892
812
802
801
801
801
799
796
795
792
791
789
788
788
786
785
785
785
785
783
783
782
782
781
781
780
780
780
779
779
778
777
777
777
777
777
775
775
774
774
773
773
772
772
772
771
771
771
771
771
770
770
769
769
768
768
768
768
767
767
766
764
764
764
763
763
763
763
762
761
761
760
760
760
760
760
760
760
760
759
758
758
758
758
757
756
756
755
755
755
754
754
753
752
752
752
752
749
749
748
748
748
747
746
746
746
746
744
743
742
742
742
741
741
740
740
739
738
738
735
735
735
735
734
734
733
731
731
730
730
729
729
728
728
728
727
726
726
726
726
725
724
720
720
719
718
715
714
713
713
711
711
709
708
706
706
705
698
696
696
696
691
690
689
689
688
688
687
684
683
679
679
678
677
673
673
673
671
668
667
667
666
665
665
664
660
660
656
656
656
656
653
653
652
651
649
649
648
646
646
645
645
642
641
641
641
640
639
638
638
637
637
636
636
635
634
634
634
633
633
633
633
632
632
632
631
631
629
628
628
625
625
624
624
624
624
623
623
623
621
621
620
620
620
620
619
619
619
618
617
617
616
616
616
615
615
615
614
613
612
612
611
608
606
605
605
604
604
603
603
601
601
600
600
600
599
599
596
593
592
592
591
591
590
590
590
589
587
586
584
583
582
581
580
579
578
578
577
576
574
572
572
572
572
572
572
571
571
571
568
566
565
563
559
558
558
555
554
546
541
540
539
536
536
536
536
535
535
535
535
533
533
533
532
529
528
525
500
5753
3654
3648
3625
3603
3334
3323
3238
2371
2355
2334
2251
2201
2190
2129
2039
1926
1876
1809
1784
1759
1731
1655
1606
1480
1473
1432
1375
1360
1358
1334
1320
1246
1126
1099
1034
1007
997
992
988
977
939
872
831
820
818
794
784
775
767
764
747
733
728
722
715
703
694
680
677
676
672
665
663
658
652
651
649
647
647
645
640
636
635
635
632
631
631
629
626
625
622
619
619
617
616
616
615
613
610
609
608
607
604
604
604
603
602
601
600
599
596
596
590
589
582
582
580
580
580
577
575
573
572
570
568
566
564
564
563
562
561
560
554
553
552
549
548
548
547
545
544
543
542
541
539
538
537
537
535
535
533
532
532
531
531
530
529
527
527
527
526
525
525
525
525
524
524
524
522
522
522
521
520
520
520
520
520
518
518
518
518
518
517
516
516
516
516
516
516
516
515
515
515
515
515
514
514
514
514
514
514
514
514
514
514
514
514
514
513
513
513
513
513
513
513
512
512
512
512
512
512
512
512
512
512
512
512
512
511
511
511
511
511
511
511
511
511
511
511
511
511
511
511
511
511
510
510
510
510
510
510
510
510
510
510
510
510
510
510
510
510
510
510
510
510
510
510
510
510
510
510
510
510
510
510
510
510
510
510
510
510
510
510
510
510
510
510
510
510
510
510
510
510
510
510
510
510
510
509
509
509
509
509
509
509
509
509
509
509
509
509
509
509
509
509
509
509
509
509
509
509
509
509
509
509
509
509
509
509
509
509
509
509
509
509
509
509
509
509
509
509
509
509
509
509
508
508
508
508
508
508
508
508
508
508
508
508
508
508
508
508
508
508
508
508
508
508
508
508
508
508
508
508
508
508
508
508
508
507
507
507
507
507
507
507
507
507
507
507
507
507
507
507
507
507
507
507
507
507
507
507
507
507
506
506
506
506
506
506
4856
3715
3089
2906
2605
2410
2234
2056
1891
1377
1373
1362
1342
1336
1303
1265
1259
1221
1156
1110
1104
1098
1086
1079
1076
1067
1050
1034
1024
1017
1014
961
947
937
913
912
911
893
887
867
849
847
844
837
825
820
815
810
802
801
799
799
798
797
796
796
795
795
794
794
793
793
792
792
792
792
791
791
791
789
789
789
788
788
788
787
787
787
785
785
785
785
785
785
784
784
784
783
783
783
783
783
782
781
780
780
780
779
779
779
778
777
777
777
777
777
776
776
776
775
774
774
774
774
774
773
773
773
772
772
771
771
771
771
770
770
770
769
769
768
768
768
767
767
766
766
765
765
764
764
764
763
763
762
761
761
761
760
760
759
759
758
758
758
757
757
757
757
757
756
756
756
756
756
755
754
752
752
752
751
751
750
750
749
749
748
748
747
747
746
746
745
743
743
742
742
742
741
741
738
737
736
736
733
732
731
730
727
727
723
721
720
719
718
718
717
717
717
716
715
715
714
712
711
711
709
708
707
705
704
703
700
699
699
699
698
698
698
695
693
693
690
690
690
687
686
684
684
683
683
683
681
681
679
679
679
678
678
678
677
677
676
673
673
673
670
669
666
665
664
663
662
661
661
660
660
659
658
658
658
658
657
655
655
654
654
653
652
651
650
645
645
645
642
641
639
638
637
636
636
636
635
634
633
631
630
630
629
629
629
628
628
627
626
625
624
624
623
621
620
619
618
617
617
616
616
616
616
615
614
614
613
613
613
612
612
610
610
610
609
608
608
607
605
605
604
604
603
602
601
601
601
601
601
600
599
599
598
597
597
597
597
597
595
594
593
592
592
591
591
589
589
589
588
587
586
586
586
585
585
581
580
575
573
571
571
568
567
566
563
563
562
561
561
560
555
549
549
534
533
532
531
529
529
528
510
510
500
484
455
3636
3124
2988
2962
2842
2718
2712
2670
2647
2614
2539
2514
2491
2462
2278
2236
2186
2028
1945
1887
1886
1838
1429
1392
1308
1296
1295
947
929
901
865
833
813
798
783
772
772
770
768
758
751
749
746
742
740
738
738
728
724
716
715
715
714
712
706
704
704
700
695
693
691
686
685
682
680
678
676
675
671
669
666
666
661
657
655
651
650
642
642
640
638
636
635
629
627
618
616
615
613
613
612
611
610
603
603
600
599
599
597
596
595
592
591
591
587
584
582
580
580
580
577
577
576
575
574
571
569
569
568
567
567
567
565
564
562
560
559
552
549
548
548
546
540
538
538
538
537
536
533
530
530
528
528
527
526
524
521
520
519
517
516
516
516
515
515
513
513
512
510
510
509
509
508
506
506
505
504
502
500
500
500
499
498
498
496
495
495
495
493
493
489
488
487
487
486
486
486
485
484
484
483
483
481
480
480
478
478
478
476
476
475
475
474
474
473
473
473
473
473
473
473
472
471
471
471
470
470
470
470
470
469
468
468
468
468
468
467
466
466
466
466
466
465
465
465
465
465
465
464
464
464
464
464
464
464
464
464
463
463
463
463
463
463
463
463
463
463
463
462
462
462
461
461
461
461
461
461
461
461
460
460
460
460
460
460
460
460
460
460
460
459
459
459
459
459
458
458
458
458
458
458
458
458
458
458
457
457
457
457
457
457
457
456
456
456
456
456
455
455
455
455
455
455
455
455
455
455
455
455
455
454
454
454
454
454
454
454
454
453
453
453
453
453
453
453
453
453
452
452
452
452
452
452
452
452
451
451
451
451
451
451
451
451
451
451
451
450
450
450
450
450
450
449
449
449
448
448
448
448
447
447
447
447
446
445
445
445
445
445
445
445
444
444
443
443
441
441
441
440
439
439
439
438
438
435
432
432
415
412
405
3872
3655
2694
2488
2465
1985
1982
1853
1841
1771
1561
1442
1272
1200
1172
1157
1145
1108
1010
979
979
901
881
853
843
827
805
800
796
796
794
794
792
790
790
790
789
789
789
788
788
788
787
786
786
786
785
784
784
784
784
784
783
781
781
780
779
778
778
777
776
776
775
774
773
773
772
772
772
772
771
771
771
771
770
769
769
768
768
768
768
767
767
767
766
766
766
765
765
765
765
765
764
764
764
764
764
764
763
763
763
763
763
762
760
759
757
757
757
756
756
756
755
754
754
753
753
753
753
753
752
752
751
751
750
750
748
748
748
747
745
745
745
745
744
744
744
743
742
741
741
741
741
740
740
740
739
739
738
736
736
736
736
735
734
733
732
732
730
729
729
729
728
727
725
725
725
725
722
721
720
719
719
719
718
717
715
713
710
708
707
706
703
703
702
702
701
700
700
699
698
698
698
697
697
696
694
693
691
690
688
685
685
685
682
682
680
678
677
676
675
672
670
669
669
668
665
660
659
659
658
658
657
657
657
656
656
655
655
654
654
653
653
652
652
652
652
652
651
651
648
646
645
645
644
644
644
643
640
640
640
640
639
638
637
637
637
636
636
636
636
636
635
635
634
634
633
633
632
632
632
631
630
630
630
629
629
629
629
628
628
627
626
625
624
623
623
622
622
621
621
620
620
620
619
619
618
618
618
618
618
617
616
615
615
614
613
613
613
612
612
611
611
611
610
610
609
609
609
608
608
608
608
605
604
604
603
603
603
602
601
600
600
598
598
598
597
597
597
596
596
596
596
594
593
593
591
591
591
591
590
590
590
590
589
589
586
586
585
584
582
581
581
580
580
579
578
578
578
578
577
574
571
565
565
565
564
563
563
559
559
557
556
555
536
536
534
532
532
531
530
529
526
517
511
509
433
381
379
67
4748
4732
4714
4052
3611
3585
3425
3320
3243
3156
2838
2809
2801
2799
2648
2453
2425
2410
2338
2331
2322
2088
1941
1910
1834
1705
1695
1646
1534
1512
1455
1446
1435
1376
1355
1339
1279
1273
1261
1225
1201
1166
1107
1086
1082
1075
1071
1066
1062
1052
1034
1011
959
952
944
908
898
893
872
863
838
838
836
835
833
830
826
822
818
811
791
786
785
781
780
780
780
779
775
774
774
774
772
772
771
771
771
769
767
763
763
762
762
762
762
762
761
761
761
760
760
759
757
757
757
755
754
753
753
751
750
749
749
747
746
746
746
745
744
743
743
741
740
737
732
730
730
726
724
723
721
720
719
719
719
719
716
715
714
712
711
711
711
710
710
710
706
703
700
697
695
692
688
688
687
686
686
682
680
679
679
679
678
678
677
676
674
674
673
672
671
671
670
670
668
667
666
665
662
659
658
656
654
654
654
653
651
650
648
648
648
647
647
647
647
646
646
642
642
641
638
637
636
633
633
629
629
627
625
623
622
621
620
620
620
619
619
619
618
617
617
616
613
613
612
611
611
610
610
610
609
608
605
605
604
603
602
602
602
602
601
601
601
599
599
598
597
597
596
596
595
595
589
589
589
589
588
586
586
585
585
583
583
579
578
578
577
576
576
575
574
573
573
573
572
572
570
568
567
564
564
564
563
562
561
557
555
555
555
554
554
549
549
548
547
546
539
539
538
538
538
536
535
535
533
533
531
531
531
530
530
530
528
525
524
524
524
523
523
522
521
521
521
520
519
517
516
514
514
512
510
510
510
509
507
506
505
505
503
502
502
500
494
493
492
490
490
486
486
484
482
478
477
476
472
471
470
469
467
453
449
447
443
441
438
434
434
430
429
428
428
428
427
425
424
363
362
362
361
360
359
356
355
355
354
352
352
351
349
348
347
346
345
345
343
341
338
338
337
337
5434
4906
3905
3498
2770
2688
2518
2517
2508
2504
2504
2474
2421
2406
2396
2264
2202
2185
2128
2083
2016
1882
1732
1725
1663
1604
1541
1537
1533
1402
1384
1355
1354
1341
1320
1319
1309
1299
1271
1268
1212
1188
969
893
800
798
797
797
797
796
796
795
794
794
793
792
792
792
791
790
790
790
789
788
788
788
787
787
787
786
785
785
785
785
784
783
783
782
781
780
780
780
779
779
779
779
779
778
777
777
777
776
776
776
776
775
774
773
773
773
773
771
771
769
769
769
768
768
768
767
767
766
766
766
766
765
765
764
764
763
763
763
763
762
762
762
762
761
760
760
760
759
759
759
758
758
758
758
758
758
756
756
756
756
755
755
754
754
753
752
752
751
751
750
750
750
749
749
749
748
748
747
746
746
746
746
745
744
744
744
743
743
742
742
742
742
741
741
740
739
739
738
738
738
737
735
732
731
731
730
730
726
725
725
725
725
723
723
721
721
720
720
719
719
719
714
713
713
712
711
709
708
707
706
705
705
704
704
701
700
700
698
696
694
693
692
691
690
687
687
687
686
683
682
679
679
678
675
674
673
672
669
669
666
664
664
662
661
661
661
660
659
656
655
654
653
652
652
651
649
649
649
649
648
648
647
647
646
646
643
641
640
639
638
637
635
634
633
633
632
632
632
631
631
631
631
628
628
628
628
628
627
627
627
626
624
623
623
622
621
621
621
621
619
617
617
617
616
615
615
615
614
613
612
612
610
610
610
610
609
609
608
607
607
606
605
605
604
604
603
603
602
601
601
601
600
600
600
599
598
598
598
598
597
597
596
595
593
592
592
591
590
588
587
586
586
586
585
585
584
584
583
582
582
580
579
578
577
577
577
577
574
574
574
572
571
570
570
567
566
566
566
564
562
560
555
554
553
545
544
536
535
534
533
532
529
529
499
307
302
1050
951
801
799
798
798
797
796
796
796
796
795
795
795
795
795
794
793
792
791
791
790
790
790
790
789
788
788
787
787
787
787
787
787
786
786
786
786
785
785
785
784
783
782
782
781
781
781
781
780
780
779
779
778
778
777
777
777
777
776
776
776
775
775
775
775
774
774
773
773
773
772
771
771
770
770
770
769
769
769
769
769
768
768
767
766
766
766
766
765
764
764
763
762
762
762
762
762
762
762
761
761
761
761
760
760
759
758
758
758
757
757
757
757
756
756
756
756
755
755
754
754
753
752
751
750
750
750
749
748
748
747
747
746
745
743
741
740
740
740
739
739
739
739
738
738
737
737
734
734
733
731
731
730
728
728
727
724
724
723
722
720
720
719
718
718
718
717
717
716
716
716
715
712
712
710
710
709
707
706
705
702
701
700
700
698
697
695
694
693
693
693
691
691
691
690
688
687
686
686
685
684
683
683
682
679
678
672
671
671
669
669
669
668
667
667
667
665
664
663
662
661
661
660
660
658
658
658
656
655
654
654
654
651
651
650
649
648
648
647
645
645
644
644
644
644
644
643
642
641
640
638
637
637
636
636
635
635
634
633
631
631
631
630
628
627
627
626
626
626
625
624
624
624
624
623
623
622
621
621
621
621
619
619
619
618
617
617
616
614
614
613
613
612
612
612
611
611
610
609
609
608
608
608
608
607
607
607
606
605
605
604
604
603
603
603
602
602
601
601
601
600
600
599
598
598
597
597
597
596
595
595
595
595
594
594
594
594
593
593
593
592
592
592
591
591
591
589
588
588
588
587
586
586
585
583
582
582
581
578
578
577
575
574
574
574
572
570
568
568
567
565
564
564
561
560
560
559
557
556
551
542
535
534
532
531
529
526
526
524
523
522
513
491
487
485
444
407
186
100
4318
4297
4292
4291
4260
3706
3271
3264
3259
3241
3238
3220
3220
3216
3192
3120
2692
2614
2549
2542
2401
2399
2301
2260
2249
2237
2229
2203
2171
2006
1953
1932
1795
1685
1620
1582
1493
1445
1405
1332
1270
1200
1196
1130
1106
1099
1097
1097
1062
1051
1040
950
900
896
895
859
842
793
766
757
739
738
714
711
711
710
704
691
690
681
678
672
671
650
647
645
642
635
634
631
625
623
617
617
617
616
612
606
605
605
604
604
603
602
601
601
597
595
594
591
590
587
584
584
582
581
580
579
577
566
565
565
564
556
554
550
549
548
547
547
542
542
536
535
535
535
534
534
532
532
532
532
531
530
529
527
527
527
527
527
526
525
525
523
523
522
522
522
521
521
521
520
520
520
519
519
519
518
518
517
516
516
515
515
514
514
514
514
514
514
514
514
513
513
513
513
513
513
513
513
513
513
513
513
513
512
512
512
512
512
512
512
512
512
512
512
512
512
512
512
512
512
512
512
512
512
511
511
511
511
511
511
511
511
511
511
511
511
511
511
511
511
511
511
511
511
511
511
511
511
510
510
510
510
510
510
510
510
510
510
510
510
510
510
510
510
510
510
510
510
510
510
510
510
510
510
510
510
510
510
510
510
510
510
510
510
510
510
510
510
510
510
510
510
509
509
509
509
509
509
509
509
509
509
509
509
509
509
509
509
509
509
509
509
509
509
509
509
509
509
509
509
509
509
509
509
509
509
509
509
509
509
509
509
509
509
509
509
509
509
509
509
509
509
509
509
509
509
508
508
508
508
508
508
508
508
508
508
508
508
508
508
508
508
508
508
508
508
508
508
508
508
508
508
508
508
508
508
508
508
508
508
508
507
507
507
507
507
507
507
507
507
507
507
507
507
507
507
507
507
507
507
507
507
507
507
507
507
507
507
506
506
506
506
506
506
506
493
491
472
4438
4423
3919
3887
3882
3878
3808
3535
3444
2769
2641
2550
2530
2507
2450
2441
2396
2221
2187
2168
2076
2063
2054
2051
1986
1966
1865
1846
1771
1695
1684
1635
1635
1633
1592
1577
1531
1522
1499
1484
1438
1368
1317
1309
1284
1271
1235
1232
1226
1186
1162
1159
1106
1080
1061
1033
1025
1010
992
964
943
936
929
929
915
910
904
889
883
851
849
845
842
832
825
810
808
797
793
792
792
790
790
789
788
788
788
787
787
786
786
786
786
785
785
784
782
782
782
782
781
781
780
780
780
777
776
775
775
774
773
772
772
771
771
770
770
769
767
767
766
766
765
765
764
764
762
762
761
761
761
759
755
755
752
751
747
746
744
743
740
740
736
735
734
734
732
725
724
724
723
722
722
718
718
717
717
715
715
715
714
713
713
712
712
712
711
710
707
706
705
705
703
702
702
701
699
698
697
697
697
696
695
695
694
691
691
690
687
684
682
681
679
678
678
673
673
672
671
670
668
668
667
664
664
662
660
659
656
654
653
651
651
651
651
647
647
643
641
637
635
634
633
633
632
632
629
629
626
623
621
620
620
620
619
618
618
617
617
617
616
616
614
614
613
612
612
612
609
608
608
606
605
605
605
604
604
604
604
603
603
603
602
602
601
600
599
598
598
598
598
598
597
597
597
596
595
595
594
594
593
592
591
591
591
590
590
590
589
589
589
589
588
588
588
586
585
584
584
582
582
582
582
581
580
579
579
579
575
573
573
573
573
572
570
568
566
566
565
565
565
564
564
563
563
562
562
561
561
560
559
558
557
557
555
554
554
552
549
548
548
548
546
545
544
544
543
542
542
542
541
540
539
539
537
536
535
535
532
532
532
532
532
532
529
528
527
527
527
526
525
524
523
521
520
520
519
519
515
514
514
513
512
511
510
510
509
509
509
509
509
509
508
508
507
505
499
496
495
433
3806
3598
3578
3576
3553
3523
3489
3442
2917
2910
2809
2803
2748
2648
2648
2616
2612
2603
2594
2555
2548
2508
2448
2438
2435
2412
2402
2377
2359
2333
2310
2288
2283
2275
2275
2266
2261
2258
2255
2254
2254
2253
2252
2236
2172
2135
2116
2107
2057
2043
2039
2039
2020
2001
1993
1967
1962
1845
1819
1807
1789
1786
1763
1723
1685
1603
1600
1547
1535
1518
1507
1494
1468
1452
1415
1378
1322
1297
1294
1287
1214
1211
1200
1109
1108
1094
1074
1010
953
945
920
904
901
882
875
870
864
861
858
847
843
837
834
827
818
814
799
799
790
787
783
783
783
776
772
767
759
759
757
746
741
733
732
731
730
728
724
721
721
721
719
717
717
715
710
695
692
692
691
686
684
679
676
675
673
672
665
665
665
665
662
659
658
657
656
654
654
652
652
649
647
646
646
644
643
641
640
636
636
634
632
632
630
630
630
628
621
621
620
617
616
615
611
610
609
604
603
601
601
601
600
598
598
597
596
596
595
595
594
592
591
590
590
587
587
585
584
582
581
578
578
577
577
574
572
571
570
570
570
569
568
567
567
567
567
566
566
565
563
563
562
562
561
560
560
560
559
558
557
557
556
554
554
553
553
553
552
551
550
549
549
548
548
547
547
546
543
541
541
540
539
539
538
538
537
537
537
536
536
536
535
535
534
534
534
534
533
533
533
532
532
532
532
531
531
531
531
530
530
530
529
528
527
526
526
524
524
523
523
521
521
521
521
521
520
520
519
519
518
517
517
517
516
516
516
516
516
516
516
515
515
515
515
515
515
514
514
514
514
514
514
513
513
513
512
512
512
512
512
512
511
511
511
511
510
510
510
510
510
510
510
509
509
509
509
509
509
509
509
509
509
509
509
509
509
509
508
508
508
508
508
508
508
508
508
508
508
508
508
508
507
507
507
507
507
507
507
507
507
507
507
507
507
507
507
507
506
506
506
212
4336
4280
3727
3725
3708
3696
3662
3645
3636
3628
3623
3613
3597
3586
3526
3510
3482
3476
3451
3416
3385
3372
3371
3370
3369
3358
3356
3346
3332
3322
3319
3281
3220
3108
3108
2818
2517
2474
2415
2375
2367
2359
2358
2274
2200
2168
2164
2162
2154
2085
2058
2029
1990
1984
1977
1948
1946
1901
1872
1872
1852
1845
1844
1840
1817
1809
1799
1779
1774
1772
1748
1733
1705
1680
1669
1638
1628
1619
1573
1502
1467
1445
1411
1389
1384
1354
1336
1306
1306
1304
1298
1290
1276
1258
1232
1217
1172
1158
1155
1106
1070
1067
1047
1030
1003
990
968
965
949
942
941
928
927
912
901
899
898
886
885
830
825
811
802
798
797
792
791
790
790
790
789
788
787
784
782
782
782
780
779
779
779
778
778
778
778
777
777
776
774
774
773
772
771
771
771
770
770
770
770
770
769
769
768
767
765
765
765
765
763
762
762
762
762
761
761
760
759
759
759
758
758
756
755
754
752
752
752
751
751
749
749
747
747
746
746
746
746
745
745
745
745
744
742
742
741
741
740
739
739
738
737
737
735
733
732
732
722
717
717
715
714
711
711
710
710
707
705
704
703
701
701
700
699
698
698
695
693
693
692
691
690
689
687
686
686
681
677
673
670
670
669
667
666
666
666
666
665
663
663
660
659
658
655
653
652
650
649
647
647
647
646
646
645
645
645
645
644
643
642
638
638
638
636
635
633
633
632
632
630
630
630
629
629
629
629
628
628
628
626
624
623
622
621
621
621
619
618
618
616
616
615
614
613
612
611
610
610
610
609
608
608
608
608
607
606
605
605
604
604
603
603
602
601
600
600
598
598
597
596
596
593
593
593
592
592
591
591
590
587
586
585
585
584
584
583
583
582
581
581
581
580
580
580
580
575
571
571
569
568
568
565
565
564
564
564
564
563
562
561
561
560
559
557
556
556
546
541
536
534
533
533
533
531
531
529
528
523
516
510
507
5016
4837
4562
4333
4273
4133
4127
4114
4096
4094
4048
3972
3859
3797
3672
3572
2950
2861
2855
2837
2831
2757
2741
2654
2640
2264
2204
2095
2074
1966
1946
1885
1869
1854
1807
1780
1760
1758
1757
1696
1548
1487
1447
1440
1421
1421
1329
1300
1285
1284
1277
1236
1227
1208
1196
1173
1171
1127
1123
1113
1108
1105
1037
979
957
927
905
901
893
875
853
850
846
845
800
784
781
780
778
776
774
771
770
769
760
755
754
750
748
747
741
737
733
729
729
728
723
723
720
719
718
718
712
711
707
707
703
703
700
693
693
689
688
680
679
677
675
672
669
668
667
663
659
657
652
649
645
642
640
640
638
637
636
633
633
632
632
631
627
620
619
617
613
613
613
612
611
607
605
604
597
596
596
594
594
593
592
590
589
588
588
588
588
584
582
582
581
581
581
580
579
579
578
578
578
578
577
577
577
576
573
573
573
572
572
570
569
569
569
568
567
565
564
563
562
562
562
561
560
559
559
559
558
557
557
557
556
556
555
555
555
555
554
553
553
552
552
550
549
549
548
546
545
545
545
544
544
544
543
543
543
542
542
541
541
541
541
541
541
541
539
538
538
538
537
536
536
536
536
536
535
535
535
535
535
535
534
534
534
534
534
533
533
533
532
532
532
532
532
532
532
532
532
532
531
531
531
531
531
531
531
531
531
530
530
530
530
530
530
530
529
529
529
528
528
528
528
528
528
528
528
528
527
527
527
527
527
527
527
527
527
527
527
526
526
526
526
526
526
526
526
525
525
525
525
525
525
524
524
524
524
524
524
524
524
524
524
523
523
523
523
522
522
522
522
522
521
521
520
520
520
520
519
519
518
518
518
518
518
517
517
517
517
517
516
516
516
516
515
515
515
515
515
515
515
515
514
514
514
513
513
513
513
513
513
512
512
512
512
512
511
511
510
510
510
508
506
498
441
403
4922
4862
3725
3514
3502
3456
3423
3407
3332
3328
3326
3306
3306
3299
3284
3270
3257
3162
3100
3065
2973
2905
2887
2855
2780
2753
2688
2659
2642
2574
2548
2533
2525
2520
2491
2399
2362
2358
2201
2109
2054
2048
2040
2020
1943
1934
1925
1865
1812
1725
1653
1612
1530
1503
1369
1357
1343
1336
1315
1282
1269
1261
1260
1244
1227
1225
1222
1212
1198
1197
1189
1187
1174
1168
1164
1156
1156
1154
1149
1144
1130
1105
1051
1036
968
940
932
923
884
878
853
849
849
838
837
818
816
810
801
801
797
790
786
785
782
780
778
778
774
773
768
759
758
758
746
738
736
733
732
730
725
717
707
705
697
695
691
690
689
689
687
684
683
680
677
677
675
674
671
670
670
669
661
661
661
657
657
657
654
649
649
649
647
647
647
642
641
640
640
639
637
634
633
631
630
630
626
625
624
623
622
619
618
615
614
614
610
605
603
602
599
597
594
591
591
588
587
587
586
585
585
582
581
578
578
577
577
577
575
575
575
575
575
574
569
568
567
567
566
565
565
564
564
564
560
559
558
558
557
556
556
555
553
553
552
550
549
548
548
548
548
547
547
546
545
545
545
544
541
540
538
538
537
537
537
536
536
536
536
536
534
534
534
533
532
530
530
529
529
529
529
529
529
527
527
527
526
526
526
525
525
525
525
525
525
524
523
523
523
523
522
522
521
521
521
519
519
519
519
517
517
517
517
517
516
516
516
515
515
515
514
514
513
513
513
513
513
513
513
512
512
512
512
512
512
512
512
512
512
512
511
511
511
511
511
511
511
511
511
511
510
510
510
510
510
510
510
510
510
510
510
510
510
510
510
510
510
510
510
510
509
509
509
509
509
509
509
509
509
509
509
509
509
509
508
508
508
508
508
508
508
508
508
508
508
508
508
508
508
508
507
507
507
507
507
507
507
507
507
507
507
507
507
507
506
506
506
465
455
441
4974
4972
4629
4552
4525
4503
4495
4311
4275
4189
3205
3124
3115
3084
2932
2922
2698
2653
2580
2484
2381
2319
2295
1885
1874
1836
1772
1702
1639
1607
1538
1439
1378
1317
1105
885
814
814
801
793
791
790
789
786
785
785
784
784
783
783
782
781
780
780
779
779
779
779
779
779
778
778
778
778
777
777
777
776
776
776
776
776
774
774
774
773
773
772
772
772
772
772
771
771
771
771
770
769
769
769
769
768
768
767
767
767
765
765
765
765
765
765
765
765
763
763
763
763
763
761
761
761
760
760
760
760
758
758
757
756
756
756
756
756
755
755
755
754
754
754
753
753
753
752
752
751
751
750
750
750
750
747
747
746
746
745
745
745
744
744
744
743
743
743
742
742
742
742
741
741
740
740
738
738
738
737
737
737
737
736
736
736
735
733
732
732
731
727
727
726
724
724
723
721
720
720
719
719
719
718
717
716
715
714
713
712
712
712
711
710
709
707
706
706
703
702
699
699
698
698
697
696
696
695
694
693
691
688
688
687
686
686
686
685
684
684
683
682
682
680
680
677
673
667
666
666
665
664
663
663
660
660
660
656
655
654
654
653
653
651
651
649
648
647
647
646
646
646
645
645
645
645
645
644
643
643
643
642
641
638
638
638
638
637
637
635
635
634
634
634
633
633
633
633
632
632
631
631
631
631
628
627
625
624
623
623
623
622
622
621
621
621
620
620
620
619
618
618
618
618
617
616
615
615
614
613
612
611
611
611
610
609
608
608
608
607
606
606
606
605
605
604
604
604
601
601
601
599
598
598
598
598
598
597
597
595
595
594
593
593
591
591
590
590
590
590
589
589
589
589
587
587
585
585
583
583
583
582
581
579
579
579
579
578
577
577
576
576
571
566
564
563
562
562
560
559
558
558
539
534
529
529
529
528
528
527
525
525
524
523
4795
3619
3197
3151
3089
2868
2804
2787
2679
2365
1970
1810
1721
1494
1252
1250
1239
1223
1217
1189
1175
1143
1127
1123
1099
1088
1059
1058
1013
977
964
930
845
808
800
797
795
794
793
793
792
792
792
791
790
790
790
789
788
787
785
785
785
784
784
784
783
783
783
783
782
782
782
781
781
780
779
778
777
777
777
776
776
776
776
775
775
774
774
774
774
772
772
772
772
772
772
771
771
770
770
769
769
769
768
768
767
767
767
765
764
764
763
763
763
762
762
762
762
762
762
762
761
761
761
760
758
758
758
758
758
757
757
757
757
755
755
753
753
752
751
751
751
750
749
748
748
747
746
743
742
742
741
739
739
739
738
737
736
735
735
735
734
733
733
730
729
729
729
724
723
722
722
720
720
718
718
717
717
717
716
716
715
715
713
713
711
711
710
707
703
701
701
700
699
699
697
697
696
696
695
695
694
693
691
690
690
689
688
687
686
685
685
684
682
677
675
673
672
672
671
671
670
668
668
667
666
663
662
661
661
661
661
661
660
659
659
658
658
657
656
656
654
653
651
651
650
650
650
650
650
649
647
646
645
644
644
644
644
644
643
643
641
640
640
637
637
637
637
636
636
635
634
634
633
632
632
632
630
629
628
628
628
627
627
627
627
626
626
625
625
625
624
623
623
621
621
620
620
619
617
616
615
615
614
614
613
612
612
612
612
612
611
611
610
610
609
608
607
607
607
604
604
603
601
600
597
597
597
596
596
595
595
595
594
594
594
594
593
593
593
591
591
590
588
587
587
586
585
583
583
582
582
582
582
582
580
579
578
578
575
575
574
573
571
570
570
569
568
565
563
560
560
558
557
557
553
553
553
552
546
546
543
539
538
536
535
535
535
533
533
532
532
530
530
530
529
529
529
528
525
523
523
520
518
512
499
489
476
464
1853
1587
1380
1347
932
788
788
783
782
774
771
768
767
765
763
758
754
745
743
742
740
732
730
730
728
725
724
722
718
717
716
714
713
704
700
697
697
696
691
691
689
688
685
685
676
674
671
671
671
668
668
667
667
662
661
661
660
660
658
658
655
654
653
652
650
650
644
642
638
638
636
636
632
626
625
623
622
621
620
619
618
617
616
614
614
613
613
613
612
612
611
610
609
609
607
606
601
601
600
598
598
598
598
597
591
590
590
590
589
589
588
585
585
584
584
581
581
581
581
579
579
579
579
579
579
578
578
578
578
577
577
576
576
576
576
575
574
574
573
573
572
572
572
571
571
570
570
570
570
569
569
568
568
568
565
564
563
561
561
561
561
561
561
560
559
558
558
558
558
558
558
558
557
557
557
557
556
556
556
556
555
555
555
555
554
554
554
553
553
553
553
553
553
552
552
552
552
551
551
551
551
551
551
550
550
549
549
548
548
548
548
547
547
547
547
547
547
547
547
547
547
546
546
546
546
546
546
546
546
546
546
545
545
545
545
544
544
544
544
544
543
542
542
542
542
542
542
542
541
541
541
541
541
540
540
540
540
540
540
539
539
539
539
539
539
539
539
538
538
538
538
538
537
537
537
536
536
536
536
536
536
535
535
535
534
534
534
534
534
534
534
534
533
533
533
533
533
533
533
533
533
533
533
533
532
532
532
532
532
532
532
531
531
531
531
531
530
530
530
530
530
530
530
530
529
529
529
529
529
529
529
528
528
528
527
527
527
527
527
527
527
527
527
527
527
527
527
526
526
526
526
526
525
525
524
524
524
524
524
523
523
523
522
522
522
522
521
521
521
521
520
520
520
520
519
519
519
518
518
518
517
517
516
515
515
515
514
513
513
512
512
512
512
507
500
500
496
495
491
440
1711
1662
909
758
728
722
719
716
710
709
705
703
703
703
702
702
702
702
701
701
701
701
701
700
700
700
700
700
700
699
699
699
699
698
698
697
697
697
697
696
696
696
695
695
694
694
694
694
694
693
693
693
693
693
692
692
692
692
692
692
691
691
690
690
690
690
689
689
689
689
689
688
688
687
687
687
686
686
686
686
685
685
685
685
685
684
684
684
683
683
683
683
682
681
681
681
681
681
680
680
680
678
678
678
677
677
677
677
676
676
676
676
676
676
675
675
675
675
675
675
674
674
673
673
673
673
672
672
669
668
668
668
668
668
667
667
667
667
667
666
666
663
662
661
661
659
659
658
658
658
657
656
653
653
653
653
651
651
650
650
650
650
647
647
644
644
644
643
643
642
642
642
640
640
640
640
640
638
638
636
636
635
635
635
634
633
633
633
632
632
632
632
631
631
630
630
629
629
628
627
626
626
624
624
623
622
622
620
620
620
618
616
616
616
616
616
616
615
615
614
613
613
613
612
612
612
611
610
609
609
609
608
607
607
607
605
605
604
603
602
601
601
599
599
598
597
596
596
596
595
595
595
595
594
594
594
594
594
593
593
593
592
591
591
591
591
590
590
590
589
589
588
588
588
588
586
586
586
586
586
585
585
585
584
583
582
582
581
581
580
580
580
579
579
579
579
579
579
578
578
578
578
577
577
577
577
576
576
575
575
574
574
574
572
572
571
571
571
571
569
569
568
568
567
567
567
565
565
565
565
564
564
564
564
564
564
563
563
562
562
561
561
561
561
561
560
560
559
558
558
558
558
558
557
557
555
555
555
554
553
553
552
552
552
552
551
550
549
549
547
546
544
544
541
541
540
539
538
537
537
535
534
534
526
524
519
517
512
512
509
498
496
494
493
493
493
492
486
475
445
4770
3369
3260
3260
3257
3252
3241
3081
3048
2870
2828
2513
2372
2297
2022
1664
1341
1339
1251
1210
1200
1034
998
954
949
814
808
799
797
794
793
789
788
787
786
783
783
783
781
780
779
779
778
777
776
775
774
773
772
772
771
770
767
765
763
763
762
760
760
760
759
759
758
758
758
756
756
755
755
754
754
754
753
753
753
753
753
752
752
751
750
749
749
748
748
748
747
746
745
742
742
739
739
738
737
736
735
734
734
733
732
730
730
730
729
728
727
725
725
724
723
722
722
722
721
721
721
721
720
718
716
716
713
712
712
712
712
711
711
711
710
710
709
709
706
706
705
705
704
704
703
702
698
697
697
696
694
694
694
693
691
691
688
687
686
685
685
685
683
683
681
681
680
680
679
679
679
678
677
676
676
675
675
675
673
673
671
671
669
669
668
668
668
667
666
665
664
662
659
659
656
656
653
652
651
650
649
649
648
648
648
647
646
645
645
645
645
645
645
645
644
644
643
643
643
642
641
641
641
641
640
640
640
639
639
638
637
636
635
635
635
635
634
634
634
633
633
632
631
630
630
630
630
630
630
629
629
628
628
628
628
628
627
627
627
627
627
627
626
626
626
626
625
625
625
625
624
624
622
622
621
620
620
620
620
619
618
618
617
617
617
617
617
617
617
616
616
615
615
615
615
615
615
614
614
613
613
611
611
611
611
611
610
610
609
609
609
609
609
607
606
606
605
605
605
605
605
605
604
604
604
603
603
603
601
601
601
600
600
599
598
598
598
598
597
597
597
597
595
595
595
595
594
594
593
593
592
592
592
590
590
589
589
589
588
587
586
585
585
584
582
582
581
580
580
579
577
576
576
575
575
575
573
571
570
569
567
567
565
565
565
564
564
564
562
562
560
560
558
558
556
546
533
527
522
518
474
294
294
204
3162
2879
2878
2874
2620
2610
2387
2278
2219
2082
2056
1991
1882
1875
1856
1579
1462
1326
1261
1202
1188
1103
936
904
862
832
825
814
809
801
797
796
795
795
794
793
793
791
789
789
788
787
787
787
786
786
785
785
785
784
784
784
783
783
782
782
781
781
781
780
780
779
779
779
779
777
777
777
777
777
776
776
775
775
775
774
774
774
773
773
773
772
772
772
771
769
768
767
767
767
767
766
765
765
765
764
764
764
764
763
763
763
762
762
762
762
761
761
761
761
761
761
760
760
760
758
758
758
758
757
757
756
756
756
755
754
754
754
753
752
752
751
751
750
750
749
749
749
748
748
748
748
747
747
746
746
746
745
745
745
745
745
744
743
742
741
741
740
740
739
739
738
738
738
738
738
736
736
736
734
734
733
732
731
731
728
727
727
725
725
721
720
719
719
718
718
718
716
716
712
711
711
710
707
701
700
700
699
698
696
696
696
692
691
691
691
689
688
687
686
686
684
684
683
681
681
681
680
679
679
678
678
676
675
673
672
670
668
666
664
662
662
661
660
657
657
656
655
653
653
651
651
649
649
647
646
646
644
644
643
642
640
639
639
639
638
637
636
636
636
636
635
634
633
633
632
632
630
630
630
629
628
628
626
626
625
625
624
624
623
623
622
622
621
621
621
620
619
619
617
617
617
616
616
615
615
615
614
613
613
613
612
611
611
610
609
608
608
607
607
606
606
605
605
605
605
604
604
604
602
601
601
601
601
601
600
600
599
598
598
598
597
596
594
593
593
593
593
592
592
592
592
592
591
590
590
589
588
588
588
587
586
586
585
584
584
582
582
581
578
577
577
577
576
576
575
574
573
572
571
569
569
568
567
562
561
559
559
559
556
555
555
553
551
549
540
536
535
535
534
531
525
521
514
510
510
503
486
432
337
6000
5710
4368
4290
4097
4094
4088
4086
4084
3960
3945
3939
3841
3817
3248
3016
2885
2803
2782
2760
2696
2661
2604
2590
2560
2465
2432
2429
2349
2285
2266
2241
2204
2157
2143
2140
2107
2052
2043
1933
1932
1858
1843
1842
1824
1806
1677
1605
1587
1560
1547
1533
1428
1396
1353
1307
1277
1236
1233
1221
1157
1063
892
812
802
801
801
801
799
796
795
792
791
789
788
788
786
785
785
785
785
783
783
782
782
781
781
780
780
780
779
779
778
777
777
777
777
777
775
775
774
774
773
773
772
772
772
771
771
771
771
771
770
770
769
769
768
768
768
768
767
767
766
764
764
764
763
763
763
763
762
761
761
760
760
760
760
760
760
760
760
759
758
758
758
758
757
756
756
755
755
755
754
754
753
752
752
752
752
749
749
748
748
748
747
746
746
746
746
744
743
742
742
742
741
741
740
740
739
738
738
735
735
735
735
734
734
733
731
731
730
730
729
729
728
728
728
727
726
726
726
726
725
724
720
720
719
718
715
714
713
713
711
711
709
708
706
706
705
698
696
696
696
691
690
689
689
688
688
687
684
683
679
679
678
677
673
673
673
671
668
667
667
666
665
665
664
660
660
656
656
656
656
653
653
652
651
649
649
648
646
646
645
645
642
641
641
641
640
639
638
638
637
637
636
636
635
634
634
634
633
633
633
633
632
632
632
631
631
629
628
628
625
625
624
624
624
624
623
623
623
621
621
620
620
620
620
619
619
619
618
617
617
616
616
616
615
615
615
614
613
612
612
611
608
606
605
605
604
604
603
603
601
601
600
600
600
599
599
596
593
592
592
591
591
590
590
590
589
587
586
584
583
582
581
580
579
578
578
577
576
574
572
572
572
572
572
572
571
571
571
568
566
565
563
559
558
558
555
554
546
541
540
539
536
536
536
536
535
535
535
535
533
533
533
532
529
528
525
500
5753
3654
3648
3625
3603
3334
3323
3238
2371
2355
2334
2251
2201
2190
2129
2039
1926
1876
1809
1784
1759
1731
1655
1606
1480
1473
1432
1375
1360
1358
1334
1320
1246
1126
1099
1034
1007
997
992
988
977
939
872
831
820
818
794
784
775
767
764
747
733
728
722
715
703
694
680
677
676
672
665
663
658
652
651
649
647
647
645
640
636
635
635
632
631
631
629
626
625
622
619
619
617
616
616
615
613
610
609
608
607
604
604
604
603
602
601
600
599
596
596
590
589
582
582
580
580
580
577
575
573
572
570
568
566
564
564
563
562
561
560
554
553
552
549
548
548
547
545
544
543
542
541
539
538
537
537
535
535
533
532
532
531
531
530
529
527
527
527
526
525
525
525
525
524
524
524
522
522
522
521
520
520
520
520
520
518
518
518
518
518
517
516
516
516
516
516
516
516
515
515
515
515
515
514
514
514
514
514
514
514
514
514
514
514
514
514
513
513
513
513
513
513
513
512
512
512
512
512
512
512
512
512
512
512
512
512
511
511
511
511
511
511
511
511
511
511
511
511
511
511
511
511
511
510
510
510
510
510
510
510
510
510
510
510
510
510
510
510
510
510
510
510
510
510
510
510
510
510
510
510
510
510
510
510
510
510
510
510
510
510
510
510
510
510
510
510
510
510
510
510
510
510
510
510
510
510
509
509
509
509
509
509
509
509
509
509
509
509
509
509
509
509
509
509
509
509
509
509
509
509
509
509
509
509
509
509
509
509
509
509
509
509
509
509
509
509
509
509
509
509
509
509
509
508
508
508
508
508
508
508
508
508
508
508
508
508
508
508
508
508
508
508
508
508
508
508
508
508
508
508
508
508
508
508
508
508
507
507
507
507
507
507
507
507
507
507
507
507
507
507
507
507
507
507
507
507
507
507
507
507
507
506
506
506
506
506
506
4856
3715
3089
2906
2605
2410
2234
2056
1891
1377
1373
1362
1342
1336
1303
1265
1259
1221
1156
1110
1104
1098
1086
1079
1076
1067
1050
1034
1024
1017
1014
961
947
937
913
912
911
893
887
867
849
847
844
837
825
820
815
810
802
801
799
799
798
797
796
796
795
795
794
794
793
793
792
792
792
792
791
791
791
789
789
789
788
788
788
787
787
787
785
785
785
785
785
785
784
784
784
783
783
783
783
783
782
781
780
780
780
779
779
779
778
777
777
777
777
777
776
776
776
775
774
774
774
774
774
773
773
773
772
772
771
771
771
771
770
770
770
769
769
768
768
768
767
767
766
766
765
765
764
764
764
763
763
762
761
761
761
760
760
759
759
758
758
758
757
757
757
757
757
756
756
756
756
756
755
754
752
752
752
751
751
750
750
749
749
748
748
747
747
746
746
745
743
743
742
742
742
741
741
738
737
736
736
733
732
731
730
727
727
723
721
720
719
718
718
717
717
717
716
715
715
714
712
711
711
709
708
707
705
704
703
700
699
699
699
698
698
698
695
693
693
690
690
690
687
686
684
684
683
683
683
681
681
679
679
679
678
678
678
677
677
676
673
673
673
670
669
666
665
664
663
662
661
661
660
660
659
658
658
658
658
657
655
655
654
654
653
652
651
650
645
645
645
642
641
639
638
637
636
636
636
635
634
633
631
630
630
629
629
629
628
628
627
626
625
624
624
623
621
620
619
618
617
617
616
616
616
616
615
614
614
613
613
613
612
612
610
610
610
609
608
608
607
605
605
604
604
603
602
601
601
601
601
601
600
599
599
598
597
597
597
597
597
595
594
593
592
592
591
591
589
589
589
588
587
586
586
586
585
585
581
580
575
573
571
571
568
567
566
563
563
562
561
561
560
555
549
549
534
533
532
531
529
529
528
510
510
500
484
455
3636
3124
2988
2962
2842
2718
2712
2670
2647
2614
2539
2514
2491
2462
2278
2236
2186
2028
1945
1887
1886
1838
1429
1392
1308
1296
1295
947
929
901
865
833
813
798
783
772
772
770
768
758
751
749
746
742
740
738
738
728
724
716
715
715
714
712
706
704
704
700
695
693
691
686
685
682
680
678
676
675
671
669
666
666
661
657
655
651
650
642
642
640
638
636
635
629
627
618
616
615
613
613
612
611
610
603
603
600
599
599
597
596
595
592
591
591
587
584
582
580
580
580
577
577
576
575
574
571
569
569
568
567
567
567
565
564
562
560
559
552
549
548
548
546
540
538
538
538
537
536
533
530
530
528
528
527
526
524
521
520
519
517
516
516
516
515
515
513
513
512
510
510
509
509
508
506
506
505
504
502
500
500
500
499
498
498
496
495
495
495
493
493
489
488
487
487
486
486
486
485
484
484
483
483
481
480
480
478
478
478
476
476
475
475
474
474
473
473
473
473
473
473
473
472
471
471
471
470
470
470
470
470
469
468
468
468
468
468
467
466
466
466
466
466
465
465
465
465
465
465
464
464
464
464
464
464
464
464
464
463
463
463
463
463
463
463
463
463
463
463
462
462
462
461
461
461
461
461
461
461
461
460
460
460
460
460
460
460
460
460
460
460
459
459
459
459
459
458
458
458
458
458
458
458
458
458
458
457
457
457
457
457
457
457
456
456
456
456
456
455
455
455
455
455
455
455
455
455
455
455
455
455
454
454
454
454
454
454
454
454
453
453
453
453
453
453
453
453
453
452
452
452
452
452
452
452
452
451
451
451
451
451
451
451
451
451
451
451
450
450
450
450
450
450
449
449
449
448
448
448
448
447
447
447
447
446
445
445
445
445
445
445
445
444
444
443
443
441
441
441
440
439
439
439
438
438
435
432
432
415
412
405
3872
3655
2694
2488
2465
1985
1982
1853
1841
1771
1561
1442
1272
1200
1172
1157
1145
1108
1010
979
979
901
881
853
843
827
805
800
796
796
794
794
792
790
790
790
789
789
789
788
788
788
787
786
786
786
785
784
784
784
784
784
783
781
781
780
779
778
778
777
776
776
775
774
773
773
772
772
772
772
771
771
771
771
770
769
769
768
768
768
768
767
767
767
766
766
766
765
765
765
765
765
764
764
764
764
764
764
763
763
763
763
763
762
760
759
757
757
757
756
756
756
755
754
754
753
753
753
753
753
752
752
751
751
750
750
748
748
748
747
745
745
745
745
744
744
744
743
742
741
741
741
741
740
740
740
739
739
738
736
736
736
736
735
734
733
732
732
730
729
729
729
728
727
725
725
725
725
722
721
720
719
719
719
718
717
715
713
710
708
707
706
703
703
702
702
701
700
700
699
698
698
698
697
697
696
694
693
691
690
688
685
685
685
682
682
680
678
677
676
675
672
670
669
669
668
665
660
659
659
658
658
657
657
657
656
656
655
655
654
654
653
653
652
652
652
652
652
651
651
648
646
645
645
644
644
644
643
640
640
640
640
639
638
637
637
637
636
636
636
636
636
635
635
634
634
633
633
632
632
632
631
630
630
630
629
629
629
629
628
628
627
626
625
624
623
623
622
622
621
621
620
620
620
619
619
618
618
618
618
618
617
616
615
615
614
613
613
613
612
612
611
611
611
610
610
609
609
609
608
608
608
608
605
604
604
603
603
603
602
601
600
600
598
598
598
597
597
597
596
596
596
596
594
593
593
591
591
591
591
590
590
590
590
589
589
586
586
585
584
582
581
581
580
580
579
578
578
578
578
577
574
571
565
565
565
564
563
563
559
559
557
556
555
536
536
534
532
532
531
530
529
526
517
511
509
433
381
379
67
4748
4732
4714
4052
3611
3585
3425
3320
3243
3156
2838
2809
2801
2799
2648
2453
2425
2410
2338
2331
2322
2088
1941
1910
1834
1705
1695
1646
1534
1512
1455
1446
1435
1376
1355
1339
1279
1273
1261
1225
1201
1166
1107
1086
1082
1075
1071
1066
1062
1052
1034
1011
959
952
944
908
898
893
872
863
838
838
836
835
833
830
826
822
818
811
791
786
785
781
780
780
780
779
775
774
774
774
772
772
771
771
771
769
767
763
763
762
762
762
762
762
761
761
761
760
760
759
757
757
757
755
754
753
753
751
750
749
749
747
746
746
746
745
744
743
743
741
740
737
732
730
730
726
724
723
721
720
719
719
719
719
716
715
714
712
711
711
711
710
710
710
706
703
700
697
695
692
688
688
687
686
686
682
680
679
679
679
678
678
677
676
674
674
673
672
671
671
670
670
668
667
666
665
662
659
658
656
654
654
654
653
651
650
648
648
648
647
647
647
647
646
646
642
642
641
638
637
636
633
633
629
629
627
625
623
622
621
620
620
620
619
619
619
618
617
617
616
613
613
612
611
611
610
610
610
609
608
605
605
604
603
602
602
602
602
601
601
601
599
599
598
597
597
596
596
595
595
589
589
589
589
588
586
586
585
585
583
583
579
578
578
577
576
576
575
574
573
573
573
572
572
570
568
567
564
564
564
563
562
561
557
555
555
555
554
554
549
549
548
547
546
539
539
538
538
538
536
535
535
533
533
531
531
531
530
530
530
528
525
524
524
524
523
523
522
521
521
521
520
519
517
516
514
514
512
510
510
510
509
507
506
505
505
503
502
502
500
494
493
492
490
490
486
486
484
482
478
477
476
472
471
470
469
467
453
449
447
443
441
438
434
434
430
429
428
428
428
427
425
424
363
362
362
361
360
359
356
355
355
354
352
352
351
349
348
347
346
345
345
343
341
338
338
337
337
5434
4906
3905
3498
2770
2688
2518
2517
2508
2504
2504
2474
2421
2406
2396
2264
2202
2185
2128
2083
2016
1882
1732
1725
1663
1604
1541
1537
1533
1402
1384
1355
1354
1341
1320
1319
1309
1299
1271
1268
1212
1188
969
893
800
798
797
797
797
796
796
795
794
794
793
792
792
792
791
790
790
790
789
788
788
788
787
787
787
786
785
785
785
785
784
783
783
782
781
780
780
780
779
779
779
779
779
778
777
777
777
776
776
776
776
775
774
773
773
773
773
771
771
769
769
769
768
768
768
767
767
766
766
766
766
765
765
764
764
763
763
763
763
762
762
762
762
761
760
760
760
759
759
759
758
758
758
758
758
758
756
756
756
756
755
755
754
754
753
752
752
751
751
750
750
750
749
749
749
748
748
747
746
746
746
746
745
744
744
744
743
743
742
742
742
742
741
741
740
739
739
738
738
738
737
735
732
731
731
730
730
726
725
725
725
725
723
723
721
721
720
720
719
719
719
714
713
713
712
711
709
708
707
706
705
705
704
704
701
700
700
698
696
694
693
692
691
690
687
687
687
686
683
682
679
679
678
675
674
673
672
669
669
666
664
664
662
661
661
661
660
659
656
655
654
653
652
652
651
649
649
649
649
648
648
647
647
646
646
643
641
640
639
638
637
635
634
633
633
632
632
632
631
631
631
631
628
628
628
628
628
627
627
627
626
624
623
623
622
621
621
621
621
619
617
617
617
616
615
615
615
614
613
612
612
610
610
610
610
609
609
608
607
607
606
605
605
604
604
603
603
602
601
601
601
600
600
600
599
598
598
598
598
597
597
596
595
593
592
592
591
590
588
587
586
586
586
585
585
584
584
583
582
582
580
579
578
577
577
577
577
574
574
574
572
571
570
570
567
566
566
566
564
562
560
555
554
553
545
544
536
535
534
533
532
529
529
499
307
302
1050
951
801
799
798
798
797
796
796
796
796
795
795
795
795
795
794
793
792
791
791
790
790
790
790
789
788
788
787
787
787
787
787
787
786
786
786
786
785
785
785
784
783
782
782
781
781
781
781
780
780
779
779
778
778
777
777
777
777
776
776
776
775
775
775
775
774
774
773
773
773
772
771
771
770
770
770
769
769
769
769
769
768
768
767
766
766
766
766
765
764
764
763
762
762
762
762
762
762
762
761
761
761
761
760
760
759
758
758
758
757
757
757
757
756
756
756
756
755
755
754
754
753
752
751
750
750
750
749
748
748
747
747
746
745
743
741
740
740
740
739
739
739
739
738
738
737
737
734
734
733
731
731
730
728
728
727
724
724
723
722
720
720
719
718
718
718
717
717
716
716
716
715
712
712
710
710
709
707
706
705
702
701
700
700
698
697
695
694
693
693
693
691
691
691
690
688
687
686
686
685
684
683
683
682
679
678
672
671
671
669
669
669
668
667
667
667
665
664
663
662
661
661
660
660
658
658
658
656
655
654
654
654
651
651
650
649
648
648
647
645
645
644
644
644
644
644
643
642
641
640
638
637
637
636
636
635
635
634
633
631
631
631
630
628
627
627
626
626
626
625
624
624
624
624
623
623
622
621
621
621
621
619
619
619
618
617
617
616
614
614
613
613
612
612
612
611
611
610
609
609
608
608
608
608
607
607
607
606
605
605
604
604
603
603
603
602
602
601
601
601
600
600
599
598
598
597
597
597
596
595
595
595
595
594
594
594
594
593
593
593
592
592
592
591
591
591
589
588
588
588
587
586
586
585
583
582
582
581
578
578
577
575
574
574
574
572
570
568
568
567
565
564
564
561
560
560
559
557
556
551
542
535
534
532
531
529
526
526
524
523
522
513
491
487
485
444
407
186
100
4318
4297
4292
4291
4260
3706
3271
3264
3259
3241
3238
3220
3220
3216
3192
3120
2692
2614
2549
2542
2401
2399
2301
2260
2249
2237
2229
2203
2171
2006
1953
1932
1795
1685
1620
1582
1493
1445
1405
1332
1270
1200
1196
1130
1106
1099
1097
1097
1062
1051
1040
950
900
896
895
859
842
793
766
757
739
738
714
711
711
710
704
691
690
681
678
672
671
650
647
645
642
635
634
631
625
623
617
617
617
616
612
606
605
605
604
604
603
602
601
601
597
595
594
591
590
587
584
584
582
581
580
579
577
566
565
565
564
556
554
550
549
548
547
547
542
542
536
535
535
535
534
534
532
532
532
532
531
530
529
527
527
527
527
527
526
525
525
523
523
522
522
522
521
521
521
520
520
520
519
519
519
518
518
517
516
516
515
515
514
514
514
514
514
514
514
514
513
513
513
513
513
513
513
513
513
513
513
513
513
512
512
512
512
512
512
512
512
512
512
512
512
512
512
512
512
512
512
512
512
512
511
511
511
511
511
511
511
511
511
511
511
511
511
511
511
511
511
511
511
511
511
511
511
511
510
510
510
510
510
510
510
510
510
510
510
510
510
510
510
510
510
510
510
510
510
510
510
510
510
510
510
510
510
510
510
510
510
510
510
510
510
510
510
510
510
510
510
510
509
509
509
509
509
509
509
509
509
509
509
509
509
509
509
509
509
509
509
509
509
509
509
509
509
509
509
509
509
509
509
509
509
509
509
509
509
509
509
509
509
509
509
509
509
509
509
509
509
509
509
509
509
509
508
508
508
508
508
508
508
508
508
508
508
508
508
508
508
508
508
508
508
508
508
508
508
508
508
508
508
508
508
508
508
508
508
508
508
507
507
507
507
507
507
507
507
507
507
507
507
507
507
507
507
507
507
507
507
507
507
507
507
507
507
507
506
506
506
506
506
506
506
493
491
472
4438
4423
3919
3887
3882
3878
3808
3535
3444
2769
2641
2550
2530
2507
2450
2441
2396
2221
2187
2168
2076
2063
2054
2051
1986
1966
1865
1846
1771
1695
1684
1635
1635
1633
1592
1577
1531
1522
1499
1484
1438
1368
1317
1309
1284
1271
1235
1232
1226
1186
1162
1159
1106
1080
1061
1033
1025
1010
992
964
943
936
929
929
915
910
904
889
883
851
849
845
842
832
825
810
808
797
793
792
792
790
790
789
788
788
788
787
787
786
786
786
786
785
785
784
782
782
782
782
781
781
780
780
780
777
776
775
775
774
773
772
772
771
771
770
770
769
767
767
766
766
765
765
764
764
762
762
761
761
761
759
755
755
752
751
747
746
744
743
740
740
736
735
734
734
732
725
724
724
723
722
722
718
718
717
717
715
715
715
714
713
713
712
712
712
711
710
707
706
705
705
703
702
702
701
699
698
697
697
697
696
695
695
694
691
691
690
687
684
682
681
679
678
678
673
673
672
671
670
668
668
667
664
664
662
660
659
656
654
653
651
651
651
651
647
647
643
641
637
635
634
633
633
632
632
629
629
626
623
621
620
620
620
619
618
618
617
617
617
616
616
614
614
613
612
612
612
609
608
608
606
605
605
605
604
604
604
604
603
603
603
602
602
601
600
599
598
598
598
598
598
597
597
597
596
595
595
594
594
593
592
591
591
591
590
590
590
589
589
589
589
588
588
588
586
585
584
584
582
582
582
582
581
580
579
579
579
575
573
573
573
573
572
570
568
566
566
565
565
565
564
564
563
563
562
562
561
561
560
559
558
557
557
555
554
554
552
549
548
548
548
546
545
544
544
543
542
542
542
541
540
539
539
537
536
535
535
532
532
532
532
532
532
529
528
527
527
527
526
525
524
523
521
520
520
519
519
515
514
514
513
512
511
510
510
509
509
509
509
509
509
508
508
507
505
499
496
495
433
3806
3598
3578
3576
3553
3523
3489
3442
2917
2910
2809
2803
2748
2648
2648
2616
2612
2603
2594
2555
2548
2508
2448
2438
2435
2412
2402
2377
2359
2333
2310
2288
2283
2275
2275
2266
2261
2258
2255
2254
2254
2253
2252
2236
2172
2135
2116
2107
2057
2043
2039
2039
2020
2001
1993
1967
1962
1845
1819
1807
1789
1786
1763
1723
1685
1603
1600
1547
1535
1518
1507
1494
1468
1452
1415
1378
1322
1297
1294
1287
1214
1211
1200
1109
1108
1094
1074
1010
953
945
920
904
901
882
875
870
864
861
858
847
843
837
834
827
818
814
799
799
790
787
783
783
783
776
772
767
759
759
757
746
741
733
732
731
730
728
724
721
721
721
719
717
717
715
710
695
692
692
691
686
684
679
676
675
673
672
665
665
665
665
662
659
658
657
656
654
654
652
652
649
647
646
646
644
643
641
640
636
636
634
632
632
630
630
630
628
621
621
620
617
616
615
611
610
609
604
603
601
601
601
600
598
598
597
596
596
595
595
594
592
591
590
590
587
587
585
584
582
581
578
578
577
577
574
572
571
570
570
570
569
568
567
567
567
567
566
566
565
563
563
562
562
561
560
560
560
559
558
557
557
556
554
554
553
553
553
552
551
550
549
549
548
548
547
547
546
543
541
541
540
539
539
538
538
537
537
537
536
536
536
535
535
534
534
534
534
533
533
533
532
532
532
532
531
531
531
531
530
530
530
529
528
527
526
526
524
524
523
523
521
521
521
521
521
520
520
519
519
518
517
517
517
516
516
516
516
516
516
516
515
515
515
515
515
515
514
514
514
514
514
514
513
513
513
512
512
512
512
512
512
511
511
511
511
510
510
510
510
510
510
510
509
509
509
509
509
509
509
509
509
509
509
509
509
509
509
508
508
508
508
508
508
508
508
508
508
508
508
508
508
507
507
507
507
507
507
507
507
507
507
507
507
507
507
507
507
506
506
506
212
4336
4280
3727
3725
3708
3696
3662
3645
3636
3628
3623
3613
3597
3586
3526
3510
3482
3476
3451
3416
3385
3372
3371
3370
3369
3358
3356
3346
3332
3322
3319
3281
3220
3108
3108
2818
2517
2474
2415
2375
2367
2359
2358
2274
2200
2168
2164
2162
2154
2085
2058
2029
1990
1984
1977
1948
1946
1901
1872
1872
1852
1845
1844
1840
1817
1809
1799
1779
1774
1772
1748
1733
1705
1680
1669
1638
1628
1619
1573
1502
1467
1445
1411
1389
1384
1354
1336
1306
1306
1304
1298
1290
1276
1258
1232
1217
1172
1158
1155
1106
1070
1067
1047
1030
1003
990
968
965
949
942
941
928
927
912
901
899
898
886
885
830
825
811
802
798
797
792
791
790
790
790
789
788
787
784
782
782
782
780
779
779
779
778
778
778
778
777
777
776
774
774
773
772
771
771
771
770
770
770
770
770
769
769
768
767
765
765
765
765
763
762
762
762
762
761
761
760
759
759
759
758
758
756
755
754
752
752
752
751
751
749
749
747
747
746
746
746
746
745
745
745
745
744
742
742
741
741
740
739
739
738
737
737
735
733
732
732
722
717
717
715
714
711
711
710
710
707
705
704
703
701
701
700
699
698
698
695
693
693
692
691
690
689
687
686
686
681
677
673
670
670
669
667
666
666
666
666
665
663
663
660
659
658
655
653
652
650
649
647
647
647
646
646
645
645
645
645
644
643
642
638
638
638
636
635
633
633
632
632
630
630
630
629
629
629
629
628
628
628
626
624
623
622
621
621
621
619
618
618
616
616
615
614
613
612
611
610
610
610
609
608
608
608
608
607
606
605
605
604
604
603
603
602
601
600
600
598
598
597
596
596
593
593
593
592
592
591
591
590
587
586
585
585
584
584
583
583
582
581
581
581
580
580
580
580
575
571
571
569
568
568
565
565
564
564
564
564
563
562
561
561
560
559
557
556
556
546
541
536
534
533
533
533
531
531
529
528
523
516
510
507
5016
4837
4562
4333
4273
4133
4127
4114
4096
4094
4048
3972
3859
3797
3672
3572
2950
2861
2855
2837
2831
2757
2741
2654
2640
2264
2204
2095
2074
1966
1946
1885
1869
1854
1807
1780
1760
1758
1757
1696
1548
1487
1447
1440
1421
1421
1329
1300
1285
1284
1277
1236
1227
1208
1196
1173
1171
1127
1123
1113
1108
1105
1037
979
957
927
905
901
893
875
853
850
846
845
800
784
781
780
778
776
774
771
770
769
760
755
754
750
748
747
741
737
733
729
729
728
723
723
720
719
718
718
712
711
707
707
703
703
700
693
693
689
688
680
679
677
675
672
669
668
667
663
659
657
652
649
645
642
640
640
638
637
636
633
633
632
632
631
627
620
619
617
613
613
613
612
611
607
605
604
597
596
596
594
594
593
592
590
589
588
588
588
588
584
582
582
581
581
581
580
579
579
578
578
578
578
577
577
577
576
573
573
573
572
572
570
569
569
569
568
567
565
564
563
562
562
562
561
560
559
559
559
558
557
557
557
556
556
555
555
555
555
554
553
553
552
552
550
549
549
548
546
545
545
545
544
544
544
543
543
543
542
542
541
541
541
541
541
541
541
539
538
538
538
537
536
536
536
536
536
535
535
535
535
535
535
534
534
534
534
534
533
533
533
532
532
532
532
532
532
532
532
532
532
531
531
531
531
531
531
531
531
531
530
530
530
530
530
530
530
529
529
529
528
528
528
528
528
528
528
528
528
527
527
527
527
527
527
527
527
527
527
527
526
526
526
526
526
526
526
526
525
525
525
525
525
525
524
524
524
524
524
524
524
524
524
524
523
523
523
523
522
522
522
522
522
521
521
520
520
520
520
519
519
518
518
518
518
518
517
517
517
517
517
516
516
516
516
515
515
515
515
515
515
515
515
514
514
514
513
513
513
513
513
513
512
512
512
512
512
511
511
510
510
510
508
506
498
441
403
4922
4862
3725
3514
3502
3456
3423
3407
3332
3328
3326
3306
3306
3299
3284
3270
3257
3162
3100
3065
2973
2905
2887
2855
2780
2753
2688
2659
2642
2574
2548
2533
2525
2520
2491
2399
2362
2358
2201
2109
2054
2048
2040
2020
1943
1934
1925
1865
1812
1725
1653
1612
1530
1503
1369
1357
1343
1336
1315
1282
1269
1261
1260
1244
1227
1225
1222
1212
1198
1197
1189
1187
1174
1168
1164
1156
1156
1154
1149
1144
1130
1105
1051
1036
968
940
932
923
884
878
853
849
849
838
837
818
816
810
801
801
797
790
786
785
782
780
778
778
774
773
768
759
758
758
746
738
736
733
732
730
725
717
707
705
697
695
691
690
689
689
687
684
683
680
677
677
675
674
671
670
670
669
661
661
661
657
657
657
654
649
649
649
647
647
647
642
641
640
640
639
637
634
633
631
630
630
626
625
624
623
622
619
618
615
614
614
610
605
603
602
599
597
594
591
591
588
587
587
586
585
585
582
581
578
578
577
577
577
575
575
575
575
575
574
569
568
567
567
566
565
565
564
564
564
560
559
558
558
557
556
556
555
553
553
552
550
549
548
548
548
548
547
547
546
545
545
545
544
541
540
538
538
537
537
537
536
536
536
536
536
534
534
534
533
532
530
530
529
529
529
529
529
529
527
527
527
526
526
526
525
525
525
525
525
525
524
523
523
523
523
522
522
521
521
521
519
519
519
519
517
517
517
517
517
516
516
516
515
515
515
514
514
513
513
513
513
513
513
513
512
512
512
512
512
512
512
512
512
512
512
511
511
511
511
511
511
511
511
511
511
510
510
510
510
510
510
510
510
510
510
510
510
510
510
510
510
510
510
510
510
509
509
509
509
509
509
509
509
509
509
509
509
509
509
508
508
508
508
508
508
508
508
508
508
508
508
508
508
508
508
507
507
507
507
507
507
507
507
507
507
507
507
507
507
506
506
506
465
455
441
4974
4972
4629
4552
4525
4503
4495
4311
4275
4189
3205
3124
3115
3084
2932
2922
2698
2653
2580
2484
2381
2319
2295
1885
1874
1836
1772
1702
1639
1607
1538
1439
1378
1317
1105
885
814
814
801
793
791
790
789
786
785
785
784
784
783
783
782
781
780
780
779
779
779
779
779
779
778
778
778
778
777
777
777
776
776
776
776
776
774
774
774
773
773
772
772
772
772
772
771
771
771
771
770
769
769
769
769
768
768
767
767
767
765
765
765
765
765
765
765
765
763
763
763
763
763
761
761
761
760
760
760
760
758
758
757
756
756
756
756
756
755
755
755
754
754
754
753
753
753
752
752
751
751
750
750
750
750
747
747
746
746
745
745
745
744
744
744
743
743
743
742
742
742
742
741
741
740
740
738
738
738
737
737
737
737
736
736
736
735
733
732
732
731
727
727
726
724
724
723
721
720
720
719
719
719
718
717
716
715
714
713
712
712
712
711
710
709
707
706
706
703
702
699
699
698
698
697
696
696
695
694
693
691
688
688
687
686
686
686
685
684
684
683
682
682
680
680
677
673
667
666
666
665
664
663
663
660
660
660
656
655
654
654
653
653
651
651
649
648
647
647
646
646
646
645
645
645
645
645
644
643
643
643
642
641
638
638
638
638
637
637
635
635
634
634
634
633
633
633
633
632
632
631
631
631
631
628
627
625
624
623
623
623
622
622
621
621
621
620
620
620
619
618
618
618
618
617
616
615
615
614
613
612
611
611
611
610
609
608
608
608
607
606
606
606
605
605
604
604
604
601
601
601
599
598
598
598
598
598
597
597
595
595
594
593
593
591
591
590
590
590
590
589
589
589
589
587
587
585
585
583
583
583
582
581
579
579
579
579
578
577
577
576
576
571
566
564
563
562
562
560
559
558
558
539
534
529
529
529
528
528
527
525
525
524
523
